{"dataset": ["PROTEINS"], "num_clients": 10, "total_rounds_recorded": 100, "history": [{"round": 1, "client_ids": [0, 1, 2, 3, 4, 5, 6, 7, 8, 9], "matrix": [[1.0, 0.2099604606628418, 0.20530550181865692, 0.21802595257759094, 0.49027934670448303, 0.261150062084198, 0.24444852769374847, 0.43947991728782654, 0.38814571499824524, 0.5932820439338684], [0.2099604606628418, 0.9999998807907104, 0.44762974977493286, 0.21189582347869873, 0.2989158034324646, 0.17931994795799255, 0.5511929392814636, 0.1870216727256775, 0.34373998641967773, 0.3098249137401581], [0.20530550181865692, 0.44762974977493286, 0.9999999403953552, 0.4183012843132019, 0.3366217017173767, 0.3929985761642456, 0.3821786642074585, 0.24141497910022736, 0.27434879541397095, 0.3673403859138489], [0.21802595257759094, 0.21189582347869873, 0.4183012843132019, 1.0, 0.28543075919151306, 0.5061460137367249, 0.28817737102508545, 0.32916203141212463, 0.20060327649116516, 0.28213316202163696], [0.49027934670448303, 0.2989158034324646, 0.3366217017173767, 0.28543075919151306, 1.0000001192092896, 0.28812485933303833, 0.2868701219558716, 0.4334101676940918, 0.23337487876415253, 0.3151848614215851], [0.261150062084198, 0.17931994795799255, 0.3929985761642456, 0.5061460137367249, 0.28812485933303833, 0.9999998807907104, 0.15760821104049683, 0.41994109749794006, 0.2961750328540802, 0.4029630422592163], [0.24444852769374847, 0.5511929392814636, 0.3821786642074585, 0.28817737102508545, 0.2868701219558716, 0.15760821104049683, 1.0, 0.19904592633247375, 0.21243973076343536, 0.36100903153419495], [0.43947991728782654, 0.1870216727256775, 0.24141497910022736, 0.32916203141212463, 0.4334101676940918, 0.41994109749794006, 0.19904592633247375, 1.0, 0.2442724108695984, 0.3978838324546814], [0.38814571499824524, 0.34373998641967773, 0.27434879541397095, 0.20060327649116516, 0.23337487876415253, 0.2961750328540802, 0.21243973076343536, 0.2442724108695984, 1.0, 0.3371375501155853], [0.5932820439338684, 0.3098249137401581, 0.3673403859138489, 0.28213316202163696, 0.3151848614215851, 0.4029630422592163, 0.36100903153419495, 0.3978838324546814, 0.3371375501155853, 0.9999998807907104]]}, {"round": 2, "client_ids": [0, 1, 2, 3, 4, 5, 6, 7, 8, 9], "matrix": [[0.9999999403953552, 0.9591031670570374, 0.9628276824951172, 0.890306830406189, 0.9649001359939575, 0.9167438745498657, 0.9246382713317871, 0.9605311155319214, 0.9715067148208618, 0.9125380516052246], [0.9591031670570374, 1.0000001192092896, 0.9605340957641602, 0.9021279215812683, 0.9547654390335083, 0.9344159364700317, 0.9198128581047058, 0.9679629802703857, 0.9600945711135864, 0.8827090263366699], [0.9628276824951172, 0.9605340957641602, 1.0000001192092896, 0.8829302191734314, 0.9709161520004272, 0.9519879817962646, 0.9360213279724121, 0.9808948636054993, 0.9506779313087463, 0.9153252243995667], [0.890306830406189, 0.9021279215812683, 0.8829302191734314, 1.0000001192092896, 0.923326313495636, 0.8977084159851074, 0.8407738208770752, 0.8896951675415039, 0.8847693800926208, 0.7916441559791565], [0.9649001359939575, 0.9547654390335083, 0.9709161520004272, 0.923326313495636, 1.0, 0.9261652231216431, 0.8981438279151917, 0.9710985422134399, 0.9391982555389404, 0.8686005473136902], [0.9167438745498657, 0.9344159364700317, 0.9519879817962646, 0.8977084159851074, 0.9261652231216431, 1.0, 0.8957507610321045, 0.9312595129013062, 0.9263406991958618, 0.8587650656700134], [0.9246382713317871, 0.9198128581047058, 0.9360213279724121, 0.8407738208770752, 0.8981438279151917, 0.8957507610321045, 1.0000001192092896, 0.9282687902450562, 0.9355826377868652, 0.9402528405189514], [0.9605311155319214, 0.9679629802703857, 0.9808948636054993, 0.8896951675415039, 0.9710985422134399, 0.9312595129013062, 0.9282687902450562, 1.0000001192092896, 0.9505519866943359, 0.90636146068573], [0.9715067148208618, 0.9600945711135864, 0.9506779313087463, 0.8847693800926208, 0.9391982555389404, 0.9263406991958618, 0.9355826377868652, 0.9505519866943359, 0.9999998807907104, 0.9156103730201721], [0.9125380516052246, 0.8827090263366699, 0.9153252243995667, 0.7916441559791565, 0.8686005473136902, 0.8587650656700134, 0.9402528405189514, 0.90636146068573, 0.9156103730201721, 0.9999998211860657]]}, {"round": 3, "client_ids": [0, 1, 2, 3, 4, 5, 6, 7, 8, 9], "matrix": [[0.9999998807907104, 0.992029070854187, 0.9885475039482117, 0.9789537191390991, 0.9894979596138, 0.9908368587493896, 0.9110422134399414, 0.9898470640182495, 0.9895310401916504, 0.8057608008384705], [0.992029070854187, 1.0, 0.9857268333435059, 0.9809826016426086, 0.9847182631492615, 0.9855945706367493, 0.9093841314315796, 0.9856479167938232, 0.9913301467895508, 0.7997157573699951], [0.9885475039482117, 0.9857268333435059, 1.0, 0.9740837812423706, 0.983692467212677, 0.9853789210319519, 0.9310349225997925, 0.9882855415344238, 0.9861236810684204, 0.8316783905029297], [0.9789537191390991, 0.9809826016426086, 0.9740837812423706, 1.0, 0.9847759008407593, 0.9844529628753662, 0.8939407467842102, 0.9798262715339661, 0.9779351353645325, 0.8103816509246826], [0.9894979596138, 0.9847182631492615, 0.983692467212677, 0.9847759008407593, 0.9999998211860657, 0.9917849898338318, 0.9028520584106445, 0.989337146282196, 0.9814906716346741, 0.8039476275444031], [0.9908368587493896, 0.9855945706367493, 0.9853789210319519, 0.9844529628753662, 0.9917849898338318, 1.0, 0.9190534353256226, 0.9914849996566772, 0.9844186305999756, 0.8184534311294556], [0.9110422134399414, 0.9093841314315796, 0.9310349225997925, 0.8939407467842102, 0.9028520584106445, 0.9190534353256226, 1.0, 0.9127593040466309, 0.9194768071174622, 0.8836591839790344], [0.9898470640182495, 0.9856479167938232, 0.9882855415344238, 0.9798262715339661, 0.989337146282196, 0.9914849996566772, 0.9127593040466309, 1.0000001192092896, 0.9867058396339417, 0.8336608409881592], [0.9895310401916504, 0.9913301467895508, 0.9861236810684204, 0.9779351353645325, 0.9814906716346741, 0.9844186305999756, 0.9194768071174622, 0.9867058396339417, 1.0, 0.81244957447052], [0.8057608008384705, 0.7997157573699951, 0.8316783905029297, 0.8103816509246826, 0.8039476275444031, 0.8184534311294556, 0.8836591839790344, 0.8336608409881592, 0.81244957447052, 1.0000001192092896]]}, {"round": 4, "client_ids": [0, 1, 2, 3, 4, 5, 6, 7, 8, 9], "matrix": [[1.0, 0.9866408705711365, 0.9823907613754272, 0.9885314702987671, 0.9808672070503235, 0.9804282188415527, 0.7763149738311768, 0.9864656925201416, 0.9740780591964722, 0.4818965792655945], [0.9866408705711365, 1.0, 0.9836941361427307, 0.9859519600868225, 0.9813305139541626, 0.9808971881866455, 0.8022788763046265, 0.9821311831474304, 0.9865427017211914, 0.49494823813438416], [0.9823907613754272, 0.9836941361427307, 1.0, 0.9752428531646729, 0.9779526591300964, 0.9758977890014648, 0.8249641060829163, 0.9835203886032104, 0.9811525344848633, 0.5456576347351074], [0.9885314702987671, 0.9859519600868225, 0.9752428531646729, 1.0, 0.984669029712677, 0.9759114980697632, 0.7681275606155396, 0.9823694229125977, 0.9732926487922668, 0.4593752920627594], [0.9808672070503235, 0.9813305139541626, 0.9779526591300964, 0.984669029712677, 0.9999998807907104, 0.9794371128082275, 0.8074194192886353, 0.9795788526535034, 0.9747384786605835, 0.5007314682006836], [0.9804282188415527, 0.9808971881866455, 0.9758977890014648, 0.9759114980697632, 0.9794371128082275, 1.0, 0.817605197429657, 0.9815478920936584, 0.981548547744751, 0.5006575584411621], [0.7763149738311768, 0.8022788763046265, 0.8249641060829163, 0.7681275606155396, 0.8074194192886353, 0.817605197429657, 0.9999998807907104, 0.7959643602371216, 0.825455904006958, 0.7414172887802124], [0.9864656925201416, 0.9821311831474304, 0.9835203886032104, 0.9823694229125977, 0.9795788526535034, 0.9815478920936584, 0.7959643602371216, 1.0, 0.9815546274185181, 0.5281201004981995], [0.9740780591964722, 0.9865427017211914, 0.9811525344848633, 0.9732926487922668, 0.9747384786605835, 0.981548547744751, 0.825455904006958, 0.9815546274185181, 1.0000001192092896, 0.5036678314208984], [0.4818965792655945, 0.49494823813438416, 0.5456576347351074, 0.4593752920627594, 0.5007314682006836, 0.5006575584411621, 0.7414172887802124, 0.5281201004981995, 0.5036678314208984, 1.0000001192092896]]}, {"round": 5, "client_ids": [0, 1, 2, 3, 4, 5, 6, 7, 8, 9], "matrix": [[1.0, 0.9707602262496948, 0.9601418972015381, 0.9836816191673279, 0.9745020866394043, 0.9645191431045532, 0.738777756690979, 0.9601972103118896, 0.9626383781433105, 0.5716406106948853], [0.9707602262496948, 1.0, 0.9661890864372253, 0.96055006980896, 0.9576418995857239, 0.9503253698348999, 0.7628747820854187, 0.9556958675384521, 0.9697831869125366, 0.5880894064903259], [0.9601418972015381, 0.9661890864372253, 1.0, 0.9403020143508911, 0.9459811449050903, 0.956794023513794, 0.7938337326049805, 0.9705462455749512, 0.9654885530471802, 0.6347882747650146], [0.9836816191673279, 0.96055006980896, 0.9403020143508911, 1.0000001192092896, 0.9763973951339722, 0.9545587301254272, 0.7000964879989624, 0.9428372979164124, 0.9560900926589966, 0.4917762875556946], [0.9745020866394043, 0.9576418995857239, 0.9459811449050903, 0.9763973951339722, 1.0, 0.958013653755188, 0.744835376739502, 0.9512584209442139, 0.948063850402832, 0.5288928747177124], [0.9645191431045532, 0.9503253698348999, 0.956794023513794, 0.9545587301254272, 0.958013653755188, 0.9999998807907104, 0.7619342803955078, 0.9558551907539368, 0.9722301959991455, 0.5715862512588501], [0.738777756690979, 0.7628747820854187, 0.7938337326049805, 0.7000964879989624, 0.744835376739502, 0.7619342803955078, 1.0, 0.7850970029830933, 0.7492525577545166, 0.7900471687316895], [0.9601972103118896, 0.9556958675384521, 0.9705462455749512, 0.9428372979164124, 0.9512584209442139, 0.9558551907539368, 0.7850970029830933, 1.0, 0.9589924812316895, 0.6485073566436768], [0.9626383781433105, 0.9697831869125366, 0.9654885530471802, 0.9560900926589966, 0.948063850402832, 0.9722301959991455, 0.7492525577545166, 0.9589924812316895, 0.9999999403953552, 0.562984049320221], [0.5716406106948853, 0.5880894064903259, 0.6347882747650146, 0.4917762875556946, 0.5288928747177124, 0.5715862512588501, 0.7900471687316895, 0.6485073566436768, 0.562984049320221, 0.9999998807907104]]}, {"round": 6, "client_ids": [0, 1, 2, 3, 4, 5, 6, 7, 8, 9], "matrix": [[1.0, 0.9404892921447754, 0.9504424929618835, 0.9616731405258179, 0.9513447880744934, 0.9422507286071777, 0.8169201016426086, 0.9540269374847412, 0.9267886877059937, 0.8039750456809998], [0.9404892921447754, 1.0, 0.9390066266059875, 0.9167487621307373, 0.926823616027832, 0.9244820475578308, 0.831870436668396, 0.9248512983322144, 0.9515954852104187, 0.8005326986312866], [0.9504424929618835, 0.9390066266059875, 1.000000238418579, 0.9030749797821045, 0.9110351800918579, 0.9307263493537903, 0.8382482528686523, 0.9521206617355347, 0.9317737817764282, 0.8284546136856079], [0.9616731405258179, 0.9167487621307373, 0.9030749797821045, 1.0, 0.9536820650100708, 0.9172829389572144, 0.777922511100769, 0.9199533462524414, 0.9196945428848267, 0.7060179710388184], [0.9513447880744934, 0.926823616027832, 0.9110351800918579, 0.9536820650100708, 0.9999999403953552, 0.9231703281402588, 0.8327289819717407, 0.9267261028289795, 0.9017550349235535, 0.7363845109939575], [0.9422507286071777, 0.9244820475578308, 0.9307263493537903, 0.9172829389572144, 0.9231703281402588, 0.9999999403953552, 0.8221648931503296, 0.944291353225708, 0.9423790574073792, 0.7812069654464722], [0.8169201016426086, 0.831870436668396, 0.8382482528686523, 0.777922511100769, 0.8327289819717407, 0.8221648931503296, 1.000000238418579, 0.8293396234512329, 0.8097681999206543, 0.8446060419082642], [0.9540269374847412, 0.9248512983322144, 0.9521206617355347, 0.9199533462524414, 0.9267261028289795, 0.944291353225708, 0.8293396234512329, 0.9999998807907104, 0.9265024065971375, 0.8090672492980957], [0.9267886877059937, 0.9515954852104187, 0.9317737817764282, 0.9196945428848267, 0.9017550349235535, 0.9423790574073792, 0.8097681999206543, 0.9265024065971375, 1.0000001192092896, 0.7803943753242493], [0.8039750456809998, 0.8005326986312866, 0.8284546136856079, 0.7060179710388184, 0.7363845109939575, 0.7812069654464722, 0.8446060419082642, 0.8090672492980957, 0.7803943753242493, 1.0]]}, {"round": 7, "client_ids": [0, 1, 2, 3, 4, 5, 6, 7, 8, 9], "matrix": [[1.0000001192092896, 0.9188334941864014, 0.9257693886756897, 0.9504868984222412, 0.9378085136413574, 0.9215266704559326, 0.8810137510299683, 0.9501794576644897, 0.8989148736000061, 0.9076238870620728], [0.9188334941864014, 1.0, 0.9204944968223572, 0.9141250848770142, 0.9029406309127808, 0.8986239433288574, 0.8856678009033203, 0.9092002511024475, 0.926371693611145, 0.8906935453414917], [0.9257693886756897, 0.9204944968223572, 1.0, 0.8828189969062805, 0.9233465194702148, 0.8843265771865845, 0.8853329420089722, 0.9252526164054871, 0.8735659122467041, 0.8821690678596497], [0.9504868984222412, 0.9141250848770142, 0.8828189969062805, 0.9999998807907104, 0.9256633520126343, 0.901665449142456, 0.8748016357421875, 0.9143325090408325, 0.9242283701896667, 0.8306585550308228], [0.9378085136413574, 0.9029406309127808, 0.9233465194702148, 0.9256633520126343, 0.9999998807907104, 0.9085054397583008, 0.9251696467399597, 0.9207916855812073, 0.8889012932777405, 0.8580310344696045], [0.9215266704559326, 0.8986239433288574, 0.8843265771865845, 0.901665449142456, 0.9085054397583008, 1.0, 0.8698219060897827, 0.9470307230949402, 0.9184936285018921, 0.8667399883270264], [0.8810137510299683, 0.8856678009033203, 0.8853329420089722, 0.8748016357421875, 0.9251696467399597, 0.8698219060897827, 0.9999998807907104, 0.8712515830993652, 0.8448865413665771, 0.8487355709075928], [0.9501794576644897, 0.9092002511024475, 0.9252526164054871, 0.9143325090408325, 0.9207916855812073, 0.9470307230949402, 0.8712515830993652, 1.0000001192092896, 0.9125679731369019, 0.8844243288040161], [0.8989148736000061, 0.926371693611145, 0.8735659122467041, 0.9242283701896667, 0.8889012932777405, 0.9184936285018921, 0.8448865413665771, 0.9125679731369019, 1.0000001192092896, 0.8400664925575256], [0.9076238870620728, 0.8906935453414917, 0.8821690678596497, 0.8306585550308228, 0.8580310344696045, 0.8667399883270264, 0.8487355709075928, 0.8844243288040161, 0.8400664925575256, 1.0]]}, {"round": 8, "client_ids": [0, 1, 2, 3, 4, 5, 6, 7, 8, 9], "matrix": [[1.0, 0.9140646457672119, 0.9012616872787476, 0.9581199288368225, 0.9174971580505371, 0.9239209294319153, 0.8835525512695312, 0.9416817426681519, 0.9079271554946899, 0.9219564199447632], [0.9140646457672119, 0.9999999403953552, 0.917127788066864, 0.919440746307373, 0.8920650482177734, 0.8852388858795166, 0.8987601399421692, 0.8881131410598755, 0.924863338470459, 0.8999550342559814], [0.9012616872787476, 0.917127788066864, 1.0000001192092896, 0.8936277031898499, 0.9363157153129578, 0.8542423248291016, 0.9009453058242798, 0.9033612012863159, 0.8864796161651611, 0.8870800733566284], [0.9581199288368225, 0.919440746307373, 0.8936277031898499, 1.0000001192092896, 0.926276445388794, 0.9078750610351562, 0.9107867479324341, 0.9280761480331421, 0.8995251059532166, 0.9055318236351013], [0.9174971580505371, 0.8920650482177734, 0.9363157153129578, 0.926276445388794, 0.9999998211860657, 0.8883794546127319, 0.9227654933929443, 0.9063570499420166, 0.8793799877166748, 0.906972348690033], [0.9239209294319153, 0.8852388858795166, 0.8542423248291016, 0.9078750610351562, 0.8883794546127319, 1.0, 0.8606089353561401, 0.9444433450698853, 0.916203498840332, 0.8977048397064209], [0.8835525512695312, 0.8987601399421692, 0.9009453058242798, 0.9107867479324341, 0.9227654933929443, 0.8606089353561401, 1.0, 0.8758273720741272, 0.860159158706665, 0.8367142081260681], [0.9416817426681519, 0.8881131410598755, 0.9033612012863159, 0.9280761480331421, 0.9063570499420166, 0.9444433450698853, 0.8758273720741272, 1.0000001192092896, 0.9122908115386963, 0.8962736129760742], [0.9079271554946899, 0.924863338470459, 0.8864796161651611, 0.8995251059532166, 0.8793799877166748, 0.916203498840332, 0.860159158706665, 0.9122908115386963, 1.0, 0.8691753149032593], [0.9219564199447632, 0.8999550342559814, 0.8870800733566284, 0.9055318236351013, 0.906972348690033, 0.8977048397064209, 0.8367142081260681, 0.8962736129760742, 0.8691753149032593, 1.0000001192092896]]}, {"round": 9, "client_ids": [0, 1, 2, 3, 4, 5, 6, 7, 8, 9], "matrix": [[0.9999998807907104, 0.9009324312210083, 0.9140252470970154, 0.956018328666687, 0.9145203828811646, 0.930946946144104, 0.874056875705719, 0.9469419717788696, 0.9053099155426025, 0.9259326457977295], [0.9009324312210083, 1.0, 0.9296727180480957, 0.9256753921508789, 0.8973418474197388, 0.8898677825927734, 0.900857150554657, 0.899040699005127, 0.9332853555679321, 0.903876006603241], [0.9140252470970154, 0.9296727180480957, 0.9999998807907104, 0.9309860467910767, 0.9534986019134521, 0.858165979385376, 0.9099045991897583, 0.90738445520401, 0.9018769264221191, 0.9032459259033203], [0.956018328666687, 0.9256753921508789, 0.9309860467910767, 0.9999998807907104, 0.9273947477340698, 0.916452169418335, 0.9055725336074829, 0.9259368181228638, 0.9010317325592041, 0.9215203523635864], [0.9145203828811646, 0.8973418474197388, 0.9534986019134521, 0.9273947477340698, 0.9999998807907104, 0.8791580200195312, 0.9144353866577148, 0.9011325836181641, 0.8867354393005371, 0.9266881346702576], [0.930946946144104, 0.8898677825927734, 0.858165979385376, 0.916452169418335, 0.8791580200195312, 1.0, 0.8477064371109009, 0.9541146755218506, 0.9152957201004028, 0.8876404166221619], [0.874056875705719, 0.900857150554657, 0.9099045991897583, 0.9055725336074829, 0.9144353866577148, 0.8477064371109009, 1.000000238418579, 0.8664997816085815, 0.8453805446624756, 0.8458904027938843], [0.9469419717788696, 0.899040699005127, 0.90738445520401, 0.9259368181228638, 0.9011325836181641, 0.9541146755218506, 0.8664997816085815, 1.0, 0.9219689965248108, 0.8864161968231201], [0.9053099155426025, 0.9332853555679321, 0.9018769264221191, 0.9010317325592041, 0.8867354393005371, 0.9152957201004028, 0.8453805446624756, 0.9219689965248108, 0.9999999403953552, 0.8786805272102356], [0.9259326457977295, 0.903876006603241, 0.9032459259033203, 0.9215203523635864, 0.9266881346702576, 0.8876404166221619, 0.8458904027938843, 0.8864161968231201, 0.8786805272102356, 1.0000001192092896]]}, {"round": 10, "client_ids": [0, 1, 2, 3, 4, 5, 6, 7, 8, 9], "matrix": [[1.0000001192092896, 0.9113840460777283, 0.9193495512008667, 0.9592129588127136, 0.9160189032554626, 0.9137004017829895, 0.9184623956680298, 0.9423180818557739, 0.9130537509918213, 0.9255331754684448], [0.9113840460777283, 1.0000001192092896, 0.92784583568573, 0.9224813580513, 0.8916242122650146, 0.8904966711997986, 0.9194470643997192, 0.899304986000061, 0.9393284320831299, 0.9257779121398926], [0.9193495512008667, 0.92784583568573, 0.9999998807907104, 0.9113273620605469, 0.9533864259719849, 0.8385062217712402, 0.921201765537262, 0.8855791687965393, 0.9006953239440918, 0.9150018692016602], [0.9592129588127136, 0.9224813580513, 0.9113273620605469, 1.0000001192092896, 0.9085105061531067, 0.9217413663864136, 0.9105260372161865, 0.9321555495262146, 0.915005624294281, 0.9236048460006714], [0.9160189032554626, 0.8916242122650146, 0.9533864259719849, 0.9085105061531067, 1.0000001192092896, 0.8643051385879517, 0.9193040132522583, 0.8888904452323914, 0.8826647996902466, 0.9204834699630737], [0.9137004017829895, 0.8904966711997986, 0.8385062217712402, 0.9217413663864136, 0.8643051385879517, 1.0, 0.8597719669342041, 0.9558583498001099, 0.9225016832351685, 0.8904679417610168], [0.9184623956680298, 0.9194470643997192, 0.921201765537262, 0.9105260372161865, 0.9193040132522583, 0.8597719669342041, 1.0, 0.8772127628326416, 0.8817850947380066, 0.8932660818099976], [0.9423180818557739, 0.899304986000061, 0.8855791687965393, 0.9321555495262146, 0.8888904452323914, 0.9558583498001099, 0.8772127628326416, 1.0000001192092896, 0.946398138999939, 0.882964015007019], [0.9130537509918213, 0.9393284320831299, 0.9006953239440918, 0.915005624294281, 0.8826647996902466, 0.9225016832351685, 0.8817850947380066, 0.946398138999939, 1.0000001192092896, 0.8894166350364685], [0.9255331754684448, 0.9257779121398926, 0.9150018692016602, 0.9236048460006714, 0.9204834699630737, 0.8904679417610168, 0.8932660818099976, 0.882964015007019, 0.8894166350364685, 1.000000238418579]]}, {"round": 11, "client_ids": [0, 1, 2, 3, 4, 5, 6, 7, 8, 9], "matrix": [[1.0000001192092896, 0.9232017993927002, 0.9138631224632263, 0.966524064540863, 0.9039862751960754, 0.9261605739593506, 0.9181972146034241, 0.9445278644561768, 0.9214379787445068, 0.929214358329773], [0.9232017993927002, 1.0, 0.938907265663147, 0.9315474033355713, 0.8915181756019592, 0.8824520111083984, 0.9239745736122131, 0.8864054679870605, 0.9309334754943848, 0.9206792116165161], [0.9138631224632263, 0.938907265663147, 1.0, 0.9280551671981812, 0.9531623125076294, 0.8495238423347473, 0.9258164167404175, 0.8724989891052246, 0.8953638076782227, 0.9114661812782288], [0.966524064540863, 0.9315474033355713, 0.9280551671981812, 1.0, 0.9116221070289612, 0.9167043566703796, 0.9257979393005371, 0.9298171997070312, 0.9242175817489624, 0.9292951226234436], [0.9039862751960754, 0.8915181756019592, 0.9531623125076294, 0.9116221070289612, 1.0, 0.8667429089546204, 0.9131196737289429, 0.8808605670928955, 0.8838787078857422, 0.9106062650680542], [0.9261605739593506, 0.8824520111083984, 0.8495238423347473, 0.9167043566703796, 0.8667429089546204, 0.9999998807907104, 0.8584680557250977, 0.9565259218215942, 0.9272065162658691, 0.9007108807563782], [0.9181972146034241, 0.9239745736122131, 0.9258164167404175, 0.9257979393005371, 0.9131196737289429, 0.8584680557250977, 1.0000001192092896, 0.8595393300056458, 0.8800216317176819, 0.9022489786148071], [0.9445278644561768, 0.8864054679870605, 0.8724989891052246, 0.9298171997070312, 0.8808605670928955, 0.9565259218215942, 0.8595393300056458, 0.9999998807907104, 0.9520376324653625, 0.8891408443450928], [0.9214379787445068, 0.9309334754943848, 0.8953638076782227, 0.9242175817489624, 0.8838787078857422, 0.9272065162658691, 0.8800216317176819, 0.9520376324653625, 0.9999999403953552, 0.8941231369972229], [0.929214358329773, 0.9206792116165161, 0.9114661812782288, 0.9292951226234436, 0.9106062650680542, 0.9007108807563782, 0.9022489786148071, 0.8891408443450928, 0.8941231369972229, 1.0000001192092896]]}, {"round": 12, "client_ids": [0, 1, 2, 3, 4, 5, 6, 7, 8, 9], "matrix": [[1.0000001192092896, 0.9451831579208374, 0.9301815032958984, 0.973511815071106, 0.9115806818008423, 0.948586106300354, 0.923028826713562, 0.9494715929031372, 0.9306772947311401, 0.9437260627746582], [0.9451831579208374, 0.9999998807907104, 0.9279381632804871, 0.9457970857620239, 0.8960857391357422, 0.9289429783821106, 0.9173535108566284, 0.9028481245040894, 0.9449446201324463, 0.9344250559806824], [0.9301815032958984, 0.9279381632804871, 1.0000001192092896, 0.9352066516876221, 0.9481134414672852, 0.8704929947853088, 0.906865656375885, 0.8860230445861816, 0.904756486415863, 0.918721079826355], [0.973511815071106, 0.9457970857620239, 0.9352066516876221, 0.9999998807907104, 0.9042071104049683, 0.9270089864730835, 0.915490448474884, 0.9340780973434448, 0.9358099699020386, 0.9310425519943237], [0.9115806818008423, 0.8960857391357422, 0.9481134414672852, 0.9042071104049683, 1.0000001192092896, 0.8864902257919312, 0.9138891696929932, 0.8851920962333679, 0.8895876407623291, 0.9142279624938965], [0.948586106300354, 0.9289429783821106, 0.8704929947853088, 0.9270089864730835, 0.8864902257919312, 1.0000001192092896, 0.8760907649993896, 0.9533838629722595, 0.9363157749176025, 0.9218152165412903], [0.923028826713562, 0.9173535108566284, 0.906865656375885, 0.915490448474884, 0.9138891696929932, 0.8760907649993896, 0.9999998807907104, 0.8587528467178345, 0.8757392764091492, 0.8924713134765625], [0.9494715929031372, 0.9028481245040894, 0.8860230445861816, 0.9340780973434448, 0.8851920962333679, 0.9533838629722595, 0.8587528467178345, 1.0000001192092896, 0.9486234188079834, 0.9061764478683472], [0.9306772947311401, 0.9449446201324463, 0.904756486415863, 0.9358099699020386, 0.8895876407623291, 0.9363157749176025, 0.8757392764091492, 0.9486234188079834, 1.0, 0.9039462208747864], [0.9437260627746582, 0.9344250559806824, 0.918721079826355, 0.9310425519943237, 0.9142279624938965, 0.9218152165412903, 0.8924713134765625, 0.9061764478683472, 0.9039462208747864, 1.0000001192092896]]}, {"round": 13, "client_ids": [0, 1, 2, 3, 4, 5, 6, 7, 8, 9], "matrix": [[0.9999998807907104, 0.9443102478981018, 0.945367693901062, 0.969028651714325, 0.9192520380020142, 0.9358545541763306, 0.9152027368545532, 0.9513996243476868, 0.9260780811309814, 0.9571976065635681], [0.9443102478981018, 0.9999998211860657, 0.9322540163993835, 0.9548991918563843, 0.9030766487121582, 0.9242384433746338, 0.9122915267944336, 0.9195369482040405, 0.939515233039856, 0.9281116127967834], [0.945367693901062, 0.9322540163993835, 1.0, 0.9391247034072876, 0.939426064491272, 0.8728707432746887, 0.9077728986740112, 0.902889609336853, 0.9084827303886414, 0.9269428849220276], [0.969028651714325, 0.9548991918563843, 0.9391247034072876, 1.0, 0.9074534177780151, 0.9252632856369019, 0.9110407829284668, 0.9454894065856934, 0.9432352781295776, 0.9291865825653076], [0.9192520380020142, 0.9030766487121582, 0.939426064491272, 0.9074534177780151, 1.0, 0.8941134214401245, 0.918133020401001, 0.8953684568405151, 0.8866875171661377, 0.9289684295654297], [0.9358545541763306, 0.9242384433746338, 0.8728707432746887, 0.9252632856369019, 0.8941134214401245, 1.0000001192092896, 0.8608890771865845, 0.9538329839706421, 0.9217735528945923, 0.9166793823242188], [0.9152027368545532, 0.9122915267944336, 0.9077728986740112, 0.9110407829284668, 0.918133020401001, 0.8608890771865845, 0.9999998807907104, 0.8674825429916382, 0.8590441942214966, 0.8857923746109009], [0.9513996243476868, 0.9195369482040405, 0.902889609336853, 0.9454894065856934, 0.8953684568405151, 0.9538329839706421, 0.8674825429916382, 1.0, 0.9571503400802612, 0.9146470427513123], [0.9260780811309814, 0.939515233039856, 0.9084827303886414, 0.9432352781295776, 0.8866875171661377, 0.9217735528945923, 0.8590441942214966, 0.9571503400802612, 1.0, 0.8913297653198242], [0.9571976065635681, 0.9281116127967834, 0.9269428849220276, 0.9291865825653076, 0.9289684295654297, 0.9166793823242188, 0.8857923746109009, 0.9146470427513123, 0.8913297653198242, 1.0]]}, {"round": 14, "client_ids": [0, 1, 2, 3, 4, 5, 6, 7, 8, 9], "matrix": [[1.0, 0.9479857683181763, 0.949999213218689, 0.9792227745056152, 0.9287639856338501, 0.9316771030426025, 0.9130067229270935, 0.9614320993423462, 0.9324764609336853, 0.9356281161308289], [0.9479857683181763, 1.000000238418579, 0.926433801651001, 0.9571083784103394, 0.9060102701187134, 0.9232810735702515, 0.9033212065696716, 0.9196281433105469, 0.9312869906425476, 0.8957448601722717], [0.949999213218689, 0.926433801651001, 1.0, 0.953144907951355, 0.9458310008049011, 0.8715059161186218, 0.9060514569282532, 0.9209457635879517, 0.921615719795227, 0.9392454624176025], [0.9792227745056152, 0.9571083784103394, 0.953144907951355, 0.9999999403953552, 0.9210538268089294, 0.9228184819221497, 0.8996008634567261, 0.959611177444458, 0.9540873765945435, 0.9249012470245361], [0.9287639856338501, 0.9060102701187134, 0.9458310008049011, 0.9210538268089294, 0.9999998807907104, 0.8820345401763916, 0.9140499234199524, 0.9034643769264221, 0.896857738494873, 0.9237724542617798], [0.9316771030426025, 0.9232810735702515, 0.8715059161186218, 0.9228184819221497, 0.8820345401763916, 1.0, 0.8514809608459473, 0.9491780400276184, 0.9180381298065186, 0.8464560508728027], [0.9130067229270935, 0.9033212065696716, 0.9060514569282532, 0.8996008634567261, 0.9140499234199524, 0.8514809608459473, 0.9999998807907104, 0.8760734796524048, 0.854230523109436, 0.8517229557037354], [0.9614320993423462, 0.9196281433105469, 0.9209457635879517, 0.959611177444458, 0.9034643769264221, 0.9491780400276184, 0.8760734796524048, 0.9999999403953552, 0.9579994678497314, 0.8733270168304443], [0.9324764609336853, 0.9312869906425476, 0.921615719795227, 0.9540873765945435, 0.896857738494873, 0.9180381298065186, 0.854230523109436, 0.9579994678497314, 1.0, 0.8585664629936218], [0.9356281161308289, 0.8957448601722717, 0.9392454624176025, 0.9249012470245361, 0.9237724542617798, 0.8464560508728027, 0.8517229557037354, 0.8733270168304443, 0.8585664629936218, 1.000000238418579]]}, {"round": 15, "client_ids": [0, 1, 2, 3, 4, 5, 6, 7, 8, 9], "matrix": [[1.0000001192092896, 0.953192949295044, 0.9543193578720093, 0.9762977361679077, 0.930198073387146, 0.9462172985076904, 0.9102879762649536, 0.9635655879974365, 0.930063009262085, 0.9172682762145996], [0.953192949295044, 1.0, 0.9349268674850464, 0.9654543399810791, 0.9142916202545166, 0.9409316778182983, 0.9103976488113403, 0.9242365956306458, 0.9490090608596802, 0.8965320587158203], [0.9543193578720093, 0.9349268674850464, 0.9999999403953552, 0.9609420895576477, 0.9474761486053467, 0.900680422782898, 0.9062560796737671, 0.9327923059463501, 0.9272457361221313, 0.9405133724212646], [0.9762977361679077, 0.9654543399810791, 0.9609420895576477, 1.0000001192092896, 0.9302186369895935, 0.9331854581832886, 0.9059966206550598, 0.9583211541175842, 0.9559920430183411, 0.9192029237747192], [0.930198073387146, 0.9142916202545166, 0.9474761486053467, 0.9302186369895935, 1.0000001192092896, 0.9226033687591553, 0.9156244993209839, 0.9146206378936768, 0.9009653329849243, 0.9120020866394043], [0.9462172985076904, 0.9409316778182983, 0.900680422782898, 0.9331854581832886, 0.9226033687591553, 1.0, 0.8921782374382019, 0.9588537812232971, 0.9309702515602112, 0.8446733951568604], [0.9102879762649536, 0.9103976488113403, 0.9062560796737671, 0.9059966206550598, 0.9156244993209839, 0.8921782374382019, 0.9999998211860657, 0.8847917318344116, 0.8691229224205017, 0.8373121619224548], [0.9635655879974365, 0.9242365956306458, 0.9327923059463501, 0.9583211541175842, 0.9146206378936768, 0.9588537812232971, 0.8847917318344116, 0.9999998807907104, 0.9490193128585815, 0.8595955967903137], [0.930063009262085, 0.9490090608596802, 0.9272457361221313, 0.9559920430183411, 0.9009653329849243, 0.9309702515602112, 0.8691229224205017, 0.9490193128585815, 1.0000001192092896, 0.8464025259017944], [0.9172682762145996, 0.8965320587158203, 0.9405133724212646, 0.9192029237747192, 0.9120020866394043, 0.8446733951568604, 0.8373121619224548, 0.8595955967903137, 0.8464025259017944, 0.9999999403953552]]}, {"round": 16, "client_ids": [0, 1, 2, 3, 4, 5, 6, 7, 8, 9], "matrix": [[1.0000001192092896, 0.9614914059638977, 0.9504864811897278, 0.9721124172210693, 0.9285470843315125, 0.9543489813804626, 0.9154828786849976, 0.9670403003692627, 0.9375863671302795, 0.9285207986831665], [0.9614914059638977, 1.0, 0.9358348846435547, 0.970386266708374, 0.921890139579773, 0.9538881778717041, 0.9160595536231995, 0.9249602556228638, 0.9427592158317566, 0.9157246351242065], [0.9504864811897278, 0.9358348846435547, 0.9999998807907104, 0.9551864862442017, 0.9568237066268921, 0.9103788137435913, 0.9171927571296692, 0.9359311461448669, 0.923682451248169, 0.9542562961578369], [0.9721124172210693, 0.970386266708374, 0.9551864862442017, 0.9999998807907104, 0.9301888942718506, 0.9456326365470886, 0.9134805798530579, 0.9538992643356323, 0.9580550193786621, 0.9262855648994446], [0.9285470843315125, 0.921890139579773, 0.9568237066268921, 0.9301888942718506, 1.000000238418579, 0.9302552938461304, 0.9199048280715942, 0.9138258695602417, 0.8981897234916687, 0.9264187812805176], [0.9543489813804626, 0.9538881778717041, 0.9103788137435913, 0.9456326365470886, 0.9302552938461304, 1.0, 0.8936173319816589, 0.9536446332931519, 0.9326485991477966, 0.8742153644561768], [0.9154828786849976, 0.9160595536231995, 0.9171927571296692, 0.9134805798530579, 0.9199048280715942, 0.8936173319816589, 1.0000001192092896, 0.8867101073265076, 0.8628107905387878, 0.8644200563430786], [0.9670403003692627, 0.9249602556228638, 0.9359311461448669, 0.9538992643356323, 0.9138258695602417, 0.9536446332931519, 0.8867101073265076, 1.0, 0.9517212510108948, 0.8817067742347717], [0.9375863671302795, 0.9427592158317566, 0.923682451248169, 0.9580550193786621, 0.8981897234916687, 0.9326485991477966, 0.8628107905387878, 0.9517212510108948, 0.9999998807907104, 0.8648285865783691], [0.9285207986831665, 0.9157246351242065, 0.9542562961578369, 0.9262855648994446, 0.9264187812805176, 0.8742153644561768, 0.8644200563430786, 0.8817067742347717, 0.8648285865783691, 1.000000238418579]]}, {"round": 17, "client_ids": [0, 1, 2, 3, 4, 5, 6, 7, 8, 9], "matrix": [[1.0, 0.9604531526565552, 0.9543687701225281, 0.972152829170227, 0.9316226243972778, 0.9667898416519165, 0.9060181379318237, 0.9695605039596558, 0.9328707456588745, 0.9502053260803223], [0.9604531526565552, 0.9999999403953552, 0.9421072006225586, 0.972415566444397, 0.9160052537918091, 0.9618152976036072, 0.9161539077758789, 0.926917314529419, 0.9474485516548157, 0.9298465251922607], [0.9543687701225281, 0.9421072006225586, 1.0, 0.9640374183654785, 0.9593415260314941, 0.9258781671524048, 0.909814715385437, 0.9510400295257568, 0.9329004287719727, 0.9527350664138794], [0.972152829170227, 0.972415566444397, 0.9640374183654785, 1.0, 0.932401716709137, 0.9553194046020508, 0.9061510562896729, 0.9619584083557129, 0.9567616581916809, 0.9470036625862122], [0.9316226243972778, 0.9160052537918091, 0.9593415260314941, 0.932401716709137, 0.9999998807907104, 0.9247450828552246, 0.9204844236373901, 0.9264662265777588, 0.9026817083358765, 0.9380326867103577], [0.9667898416519165, 0.9618152976036072, 0.9258781671524048, 0.9553194046020508, 0.9247450828552246, 0.9999999403953552, 0.9009981751441956, 0.9555575847625732, 0.9364982843399048, 0.9072611331939697], [0.9060181379318237, 0.9161539077758789, 0.909814715385437, 0.9061510562896729, 0.9204844236373901, 0.9009981751441956, 1.0, 0.8896243572235107, 0.8500360250473022, 0.8831825256347656], [0.9695605039596558, 0.926917314529419, 0.9510400295257568, 0.9619584083557129, 0.9264662265777588, 0.9555575847625732, 0.8896243572235107, 1.0000001192092896, 0.9414365291595459, 0.925343930721283], [0.9328707456588745, 0.9474485516548157, 0.9329004287719727, 0.9567616581916809, 0.9026817083358765, 0.9364982843399048, 0.8500360250473022, 0.9414365291595459, 1.0000001192092896, 0.8847933411598206], [0.9502053260803223, 0.9298465251922607, 0.9527350664138794, 0.9470036625862122, 0.9380326867103577, 0.9072611331939697, 0.8831825256347656, 0.925343930721283, 0.8847933411598206, 1.0000001192092896]]}, {"round": 18, "client_ids": [0, 1, 2, 3, 4, 5, 6, 7, 8, 9], "matrix": [[0.9999998807907104, 0.963595986366272, 0.9572956562042236, 0.9720102548599243, 0.937784731388092, 0.9668440222740173, 0.9189420938491821, 0.9711540341377258, 0.9361699819564819, 0.9661555886268616], [0.963595986366272, 1.0, 0.9500888586044312, 0.9699041843414307, 0.9290122389793396, 0.9623750448226929, 0.9285860061645508, 0.9302457571029663, 0.9489446878433228, 0.9436777830123901], [0.9572956562042236, 0.9500888586044312, 0.9999999403953552, 0.9677696228027344, 0.9628478288650513, 0.9384741187095642, 0.9303816556930542, 0.9539482593536377, 0.9366537928581238, 0.9542855024337769], [0.9720102548599243, 0.9699041843414307, 0.9677696228027344, 0.9999998807907104, 0.9431568384170532, 0.9594520330429077, 0.9216334223747253, 0.963587760925293, 0.9663950204849243, 0.9558596014976501], [0.937784731388092, 0.9290122389793396, 0.9628478288650513, 0.9431568384170532, 0.9999998807907104, 0.938650906085968, 0.9236976504325867, 0.9358030557632446, 0.9140031337738037, 0.946648120880127], [0.9668440222740173, 0.9623750448226929, 0.9384741187095642, 0.9594520330429077, 0.938650906085968, 1.0, 0.9113084077835083, 0.9636009335517883, 0.9417372941970825, 0.9258199334144592], [0.9189420938491821, 0.9285860061645508, 0.9303816556930542, 0.9216334223747253, 0.9236976504325867, 0.9113084077835083, 1.0, 0.9070489406585693, 0.876244068145752, 0.8946288228034973], [0.9711540341377258, 0.9302457571029663, 0.9539482593536377, 0.963587760925293, 0.9358030557632446, 0.9636009335517883, 0.9070489406585693, 1.0, 0.9389238953590393, 0.9457679986953735], [0.9361699819564819, 0.9489446878433228, 0.9366537928581238, 0.9663950204849243, 0.9140031337738037, 0.9417372941970825, 0.876244068145752, 0.9389238953590393, 1.0, 0.9059004783630371], [0.9661555886268616, 0.9436777830123901, 0.9542855024337769, 0.9558596014976501, 0.946648120880127, 0.9258199334144592, 0.8946288228034973, 0.9457679986953735, 0.9059004783630371, 0.9999998807907104]]}, {"round": 19, "client_ids": [0, 1, 2, 3, 4, 5, 6, 7, 8, 9], "matrix": [[1.0, 0.9625524282455444, 0.9647095203399658, 0.9747768640518188, 0.9416407346725464, 0.9725130200386047, 0.9186656475067139, 0.9720921516418457, 0.928706169128418, 0.9681970477104187], [0.9625524282455444, 1.0, 0.9524879455566406, 0.9708181023597717, 0.927071213722229, 0.9668302536010742, 0.9288606643676758, 0.9352788925170898, 0.9388910531997681, 0.9330577850341797], [0.9647095203399658, 0.9524879455566406, 0.9999998807907104, 0.9754980206489563, 0.96558678150177, 0.9395716190338135, 0.938720703125, 0.9625124931335449, 0.9413329362869263, 0.9536072015762329], [0.9747768640518188, 0.9708181023597717, 0.9754980206489563, 1.0, 0.9475017786026001, 0.9614261388778687, 0.9296492338180542, 0.9673795700073242, 0.9604742527008057, 0.9518872499465942], [0.9416407346725464, 0.927071213722229, 0.96558678150177, 0.9475017786026001, 1.0, 0.9380843639373779, 0.9248554706573486, 0.9396255016326904, 0.9197965264320374, 0.9453545212745667], [0.9725130200386047, 0.9668302536010742, 0.9395716190338135, 0.9614261388778687, 0.9380843639373779, 1.0, 0.9051711559295654, 0.959794819355011, 0.930510401725769, 0.9302887916564941], [0.9186656475067139, 0.9288606643676758, 0.938720703125, 0.9296492338180542, 0.9248554706573486, 0.9051711559295654, 1.0, 0.9148256778717041, 0.8881728649139404, 0.8922750353813171], [0.9720921516418457, 0.9352788925170898, 0.9625124931335449, 0.9673795700073242, 0.9396255016326904, 0.959794819355011, 0.9148256778717041, 0.9999998807907104, 0.9382418394088745, 0.9466068744659424], [0.928706169128418, 0.9388910531997681, 0.9413329362869263, 0.9604742527008057, 0.9197965264320374, 0.930510401725769, 0.8881728649139404, 0.9382418394088745, 1.000000238418579, 0.8945968151092529], [0.9681970477104187, 0.9330577850341797, 0.9536072015762329, 0.9518872499465942, 0.9453545212745667, 0.9302887916564941, 0.8922750353813171, 0.9466068744659424, 0.8945968151092529, 0.9999999403953552]]}, {"round": 20, "client_ids": [0, 1, 2, 3, 4, 5, 6, 7, 8, 9], "matrix": [[1.0, 0.9677349328994751, 0.9671127796173096, 0.9759395718574524, 0.948401927947998, 0.9746361970901489, 0.9194706678390503, 0.9740679264068604, 0.9278315305709839, 0.9712053537368774], [0.9677349328994751, 0.9999998807907104, 0.9552786350250244, 0.9735233187675476, 0.9331750869750977, 0.9733119606971741, 0.9206091165542603, 0.9415393471717834, 0.9436484575271606, 0.9385561943054199], [0.9671127796173096, 0.9552786350250244, 0.9999999403953552, 0.9775809049606323, 0.9615797996520996, 0.9473942518234253, 0.9454145431518555, 0.9635881185531616, 0.9427443146705627, 0.9458540678024292], [0.9759395718574524, 0.9735233187675476, 0.9775809049606323, 1.0, 0.9542673826217651, 0.9629833102226257, 0.9234930276870728, 0.9685484170913696, 0.9605803489685059, 0.9523909091949463], [0.948401927947998, 0.9331750869750977, 0.9615797996520996, 0.9542673826217651, 1.0000001192092896, 0.9431220293045044, 0.9282205700874329, 0.9460641145706177, 0.9294965267181396, 0.9496920108795166], [0.9746361970901489, 0.9733119606971741, 0.9473942518234253, 0.9629833102226257, 0.9431220293045044, 1.0, 0.9113336801528931, 0.9647939801216125, 0.9250921010971069, 0.9425550699234009], [0.9194706678390503, 0.9206091165542603, 0.9454145431518555, 0.9234930276870728, 0.9282205700874329, 0.9113336801528931, 1.0, 0.9075356125831604, 0.8848333358764648, 0.8939554691314697], [0.9740679264068604, 0.9415393471717834, 0.9635881185531616, 0.968