{"dataset": ["ENZYMES"], "num_clients": 10, "total_rounds_recorded": 100, "history": [{"round": 1, "client_ids": [0, 1, 2, 3, 4, 5, 6, 7, 8, 9], "matrix": [[1.0, 0.34500688314437866, 0.1883745789527893, 0.16499297320842743, 0.25084203481674194, 0.370468407869339, 0.28266048431396484, 0.2976314127445221, 0.2928536832332611, 0.4942740797996521], [0.34500688314437866, 1.0, 0.38873744010925293, 0.3721970021724701, 0.4025154411792755, 0.3359188139438629, 0.3498697578907013, 0.36467981338500977, 0.3021782636642456, 0.4716310203075409], [0.1883745789527893, 0.38873744010925293, 1.0000003576278687, 0.4999614357948303, 0.49312859773635864, 0.23407861590385437, 0.2792987823486328, 0.3796079456806183, 0.29388394951820374, 0.1873081475496292], [0.16499297320842743, 0.3721970021724701, 0.4999614357948303, 0.9999999403953552, 0.3132752478122711, 0.34096893668174744, 0.5824971199035645, 0.3992183208465576, 0.3485056161880493, 0.19643323123455048], [0.25084203481674194, 0.4025154411792755, 0.49312859773635864, 0.3132752478122711, 0.9999997615814209, 0.3478609025478363, 0.4149889051914215, 0.255781888961792, 0.2446756660938263, 0.35046470165252686], [0.370468407869339, 0.3359188139438629, 0.23407861590385437, 0.34096893668174744, 0.3478609025478363, 0.9999998807907104, 0.2839049696922302, 0.35836949944496155, 0.42284801602363586, 0.5199398994445801], [0.28266048431396484, 0.3498697578907013, 0.2792987823486328, 0.5824971199035645, 0.4149889051914215, 0.2839049696922302, 0.9999998807907104, 0.264310359954834, 0.290080726146698, 0.29005348682403564], [0.2976314127445221, 0.36467981338500977, 0.3796079456806183, 0.3992183208465576, 0.255781888961792, 0.35836949944496155, 0.264310359954834, 0.9999998211860657, 0.4423855245113373, 0.37799257040023804], [0.2928536832332611, 0.3021782636642456, 0.29388394951820374, 0.3485056161880493, 0.2446756660938263, 0.42284801602363586, 0.290080726146698, 0.4423855245113373, 0.9999998807907104, 0.31566599011421204], [0.4942740797996521, 0.4716310203075409, 0.1873081475496292, 0.19643323123455048, 0.35046470165252686, 0.5199398994445801, 0.29005348682403564, 0.37799257040023804, 0.31566599011421204, 0.9999998807907104]]}, {"round": 2, "client_ids": [0, 1, 2, 3, 4, 5, 6, 7, 8, 9], "matrix": [[0.9999999403953552, 0.824906587600708, 0.9375629425048828, 0.9249393343925476, 0.9327972531318665, 0.8563471436500549, 0.9363487362861633, 0.9167128205299377, 0.946758508682251, 0.9031752943992615], [0.824906587600708, 1.0000001192092896, 0.7920618057250977, 0.7580940127372742, 0.8460949063301086, 0.7975350618362427, 0.8404176235198975, 0.9228936433792114, 0.7903465628623962, 0.8061780333518982], [0.9375629425048828, 0.7920618057250977, 0.9999999403953552, 0.9609934091567993, 0.9260380268096924, 0.8862043619155884, 0.963617742061615, 0.8719135522842407, 0.9508708119392395, 0.912747323513031], [0.9249393343925476, 0.7580940127372742, 0.9609934091567993, 1.0, 0.9038126468658447, 0.9122025370597839, 0.930018961429596, 0.8606493473052979, 0.9520832300186157, 0.9532594084739685], [0.9327972531318665, 0.8460949063301086, 0.9260380268096924, 0.9038126468658447, 0.9999997615814209, 0.8510105013847351, 0.9516952633857727, 0.915695071220398, 0.916624128818512, 0.9025530815124512], [0.8563471436500549, 0.7975350618362427, 0.8862043619155884, 0.9122025370597839, 0.8510105013847351, 0.9999999403953552, 0.8851525783538818, 0.872826874256134, 0.8850863575935364, 0.9426477551460266], [0.9363487362861633, 0.8404176235198975, 0.963617742061615, 0.930018961429596, 0.9516952633857727, 0.8851525783538818, 0.9999999403953552, 0.9121280312538147, 0.95127272605896, 0.9124172925949097], [0.9167128205299377, 0.9228936433792114, 0.8719135522842407, 0.8606493473052979, 0.915695071220398, 0.872826874256134, 0.9121280312538147, 0.9999998807907104, 0.9174448847770691, 0.8973277807235718], [0.946758508682251, 0.7903465628623962, 0.9508708119392395, 0.9520832300186157, 0.916624128818512, 0.8850863575935364, 0.95127272605896, 0.9174448847770691, 0.9999998807907104, 0.9392766356468201], [0.9031752943992615, 0.8061780333518982, 0.912747323513031, 0.9532594084739685, 0.9025530815124512, 0.9426477551460266, 0.9124172925949097, 0.8973277807235718, 0.9392766356468201, 0.9999998211860657]]}, {"round": 3, "client_ids": [0, 1, 2, 3, 4, 5, 6, 7, 8, 9], "matrix": [[1.0, 0.9673503041267395, 0.9614216685295105, 0.9373378753662109, 0.9697830677032471, 0.9102464914321899, 0.9529407024383545, 0.9526380300521851, 0.9818389415740967, 0.9577345848083496], [0.9673503041267395, 1.0, 0.9377840757369995, 0.9326828122138977, 0.9696016907691956, 0.9074921607971191, 0.9477434754371643, 0.9715151190757751, 0.9641703367233276, 0.9729763865470886], [0.9614216685295105, 0.9377840757369995, 1.0000001192092896, 0.9749510288238525, 0.93415367603302, 0.8943579196929932, 0.9789729118347168, 0.9184567332267761, 0.9577404856681824, 0.9453637599945068], [0.9373378753662109, 0.9326828122138977, 0.9749510288238525, 1.0000001192092896, 0.9222450256347656, 0.895776093006134, 0.9549389481544495, 0.9207876324653625, 0.9384914040565491, 0.9458636045455933], [0.9697830677032471, 0.9696016907691956, 0.93415367603302, 0.9222450256347656, 0.9999997615814209, 0.9264923930168152, 0.9307152032852173, 0.9672291874885559, 0.9761837720870972, 0.9786978960037231], [0.9102464914321899, 0.9074921607971191, 0.8943579196929932, 0.895776093006134, 0.9264923930168152, 0.9999998807907104, 0.8874027132987976, 0.9453392624855042, 0.9199164509773254, 0.9395773410797119], [0.9529407024383545, 0.9477434754371643, 0.9789729118347168, 0.9549389481544495, 0.9307152032852173, 0.8874027132987976, 0.9999999403953552, 0.9222120642662048, 0.9388632774353027, 0.934245228767395], [0.9526380300521851, 0.9715151190757751, 0.9184567332267761, 0.9207876324653625, 0.9672291874885559, 0.9453392624855042, 0.9222120642662048, 1.0000001192092896, 0.9596853852272034, 0.9688425660133362], [0.9818389415740967, 0.9641703367233276, 0.9577404856681824, 0.9384914040565491, 0.9761837720870972, 0.9199164509773254, 0.9388632774353027, 0.9596853852272034, 1.0, 0.9706581830978394], [0.9577345848083496, 0.9729763865470886, 0.9453637599945068, 0.9458636045455933, 0.9786978960037231, 0.9395773410797119, 0.934245228767395, 0.9688425660133362, 0.9706581830978394, 1.0]]}, {"round": 4, "client_ids": [0, 1, 2, 3, 4, 5, 6, 7, 8, 9], "matrix": [[0.9999997615814209, 0.9363666772842407, 0.9381812214851379, 0.8997853398323059, 0.9606666564941406, 0.8908989429473877, 0.9411230683326721, 0.9304420351982117, 0.9557301998138428, 0.942147433757782], [0.9363666772842407, 0.9999998211860657, 0.9369268417358398, 0.9287424087524414, 0.9525647163391113, 0.8846748471260071, 0.9534511566162109, 0.9825782775878906, 0.9427450895309448, 0.9629762172698975], [0.9381812214851379, 0.9369268417358398, 1.0, 0.964881181716919, 0.9327473640441895, 0.8570891618728638, 0.9810040593147278, 0.9247810244560242, 0.9548203349113464, 0.9395657777786255], [0.8997853398323059, 0.9287424087524414, 0.964881181716919, 0.9999999403953552, 0.9177611470222473, 0.8549404144287109, 0.9480370879173279, 0.923626184463501, 0.9460316300392151, 0.9359701871871948], [0.9606666564941406, 0.9525647163391113, 0.9327473640441895, 0.9177611470222473, 0.9999999403953552, 0.921424925327301, 0.9353151917457581, 0.9648860692977905, 0.9617300629615784, 0.9731309413909912], [0.8908989429473877, 0.8846748471260071, 0.8570891618728638, 0.8549404144287109, 0.921424925327301, 1.0, 0.8581802845001221, 0.9156028628349304, 0.8968946933746338, 0.93006432056427], [0.9411230683326721, 0.9534511566162109, 0.9810040593147278, 0.9480370879173279, 0.9353151917457581, 0.8581802845001221, 0.9999999403953552, 0.9384319186210632, 0.9368134140968323, 0.9447344541549683], [0.9304420351982117, 0.9825782775878906, 0.9247810244560242, 0.923626184463501, 0.9648860692977905, 0.9156028628349304, 0.9384319186210632, 1.0, 0.9450480937957764, 0.9698247909545898], [0.9557301998138428, 0.9427450895309448, 0.9548203349113464, 0.9460316300392151, 0.9617300629615784, 0.8968946933746338, 0.9368134140968323, 0.9450480937957764, 1.0, 0.9581620693206787], [0.942147433757782, 0.9629762172698975, 0.9395657777786255, 0.9359701871871948, 0.9731309413909912, 0.93006432056427, 0.9447344541549683, 0.9698247909545898, 0.9581620693206787, 1.0000001192092896]]}, {"round": 5, "client_ids": [0, 1, 2, 3, 4, 5, 6, 7, 8, 9], "matrix": [[1.0000001192092896, 0.94329833984375, 0.9071338176727295, 0.8956353664398193, 0.9527263045310974, 0.8341827988624573, 0.9049584865570068, 0.9335503578186035, 0.947454571723938, 0.9279746413230896], [0.94329833984375, 1.0000001192092896, 0.9055459499359131, 0.9157617688179016, 0.914374828338623, 0.7985391020774841, 0.9179723262786865, 0.9703832864761353, 0.937380313873291, 0.9264408349990845], [0.9071338176727295, 0.9055459499359131, 0.9999998211860657, 0.9452524781227112, 0.87833571434021, 0.7881582975387573, 0.9497610926628113, 0.9004334211349487, 0.9142696857452393, 0.9202742576599121], [0.8956353664398193, 0.9157617688179016, 0.9452524781227112, 1.0, 0.8965498805046082, 0.7899736166000366, 0.933887243270874, 0.9239972233772278, 0.9267776012420654, 0.9283760786056519], [0.9527263045310974, 0.914374828338623, 0.87833571434021, 0.8965498805046082, 0.9999997615814209, 0.8782804608345032, 0.8792274594306946, 0.933904230594635, 0.9509378671646118, 0.9378228783607483], [0.8341827988624573, 0.7985391020774841, 0.7881582975387573, 0.7899736166000366, 0.8782804608345032, 1.0, 0.7744512557983398, 0.8479214310646057, 0.8378642201423645, 0.8834938406944275], [0.9049584865570068, 0.9179723262786865, 0.9497610926628113, 0.933887243270874, 0.8792274594306946, 0.7744512557983398, 0.9999999403953552, 0.9015613794326782, 0.8814496994018555, 0.9352949857711792], [0.9335503578186035, 0.9703832864761353, 0.9004334211349487, 0.9239972233772278, 0.933904230594635, 0.8479214310646057, 0.9015613794326782, 1.0, 0.9491342902183533, 0.9421449303627014], [0.947454571723938, 0.937380313873291, 0.9142696857452393, 0.9267776012420654, 0.9509378671646118, 0.8378642201423645, 0.8814496994018555, 0.9491342902183533, 0.9999996423721313, 0.9260451793670654], [0.9279746413230896, 0.9264408349990845, 0.9202742576599121, 0.9283760786056519, 0.9378228783607483, 0.8834938406944275, 0.9352949857711792, 0.9421449303627014, 0.9260451793670654, 1.0000001192092896]]}, {"round": 6, "client_ids": [0, 1, 2, 3, 4, 5, 6, 7, 8, 9], "matrix": [[0.9999999403953552, 0.9441303610801697, 0.8914751410484314, 0.8936294317245483, 0.9348028302192688, 0.8200401663780212, 0.8669090867042542, 0.9086563587188721, 0.9262255430221558, 0.9304046630859375], [0.9441303610801697, 1.0, 0.8988248705863953, 0.9042302966117859, 0.8775976300239563, 0.7816776037216187, 0.8938029408454895, 0.9286766052246094, 0.8915031552314758, 0.9136686325073242], [0.8914751410484314, 0.8988248705863953, 1.0000001192092896, 0.9290581941604614, 0.8601441383361816, 0.7656574845314026, 0.9429579973220825, 0.8720424175262451, 0.8994209170341492, 0.9165425896644592], [0.8936294317245483, 0.9042302966117859, 0.9290581941604614, 1.0, 0.8842322826385498, 0.7713714241981506, 0.9202000498771667, 0.9025439620018005, 0.8961154818534851, 0.9186595678329468], [0.9348028302192688, 0.8775976300239563, 0.8601441383361816, 0.8842322826385498, 1.000000238418579, 0.8932039737701416, 0.8493525385856628, 0.9201666116714478, 0.9314206838607788, 0.9252114295959473], [0.8200401663780212, 0.7816776037216187, 0.7656574845314026, 0.7713714241981506, 0.8932039737701416, 1.0, 0.7546939849853516, 0.8401619791984558, 0.8286043405532837, 0.858525812625885], [0.8669090867042542, 0.8938029408454895, 0.9429579973220825, 0.9202000498771667, 0.8493525385856628, 0.7546939849853516, 0.9999998807907104, 0.8393658399581909, 0.8503373265266418, 0.9188802242279053], [0.9086563587188721, 0.9286766052246094, 0.8720424175262451, 0.9025439620018005, 0.9201666116714478, 0.8401619791984558, 0.8393658399581909, 1.0000001192092896, 0.9247404336929321, 0.9147360920906067], [0.9262255430221558, 0.8915031552314758, 0.8994209170341492, 0.8961154818534851, 0.9314206838607788, 0.8286043405532837, 0.8503373265266418, 0.9247404336929321, 0.9999998211860657, 0.9178449511528015], [0.9304046630859375, 0.9136686325073242, 0.9165425896644592, 0.9186595678329468, 0.9252114295959473, 0.858525812625885, 0.9188802242279053, 0.9147360920906067, 0.9178449511528015, 0.9999999403953552]]}, {"round": 7, "client_ids": [0, 1, 2, 3, 4, 5, 6, 7, 8, 9], "matrix": [[1.0000001192092896, 0.9409139156341553, 0.8899897933006287, 0.873323380947113, 0.9106504917144775, 0.8099663257598877, 0.8782217502593994, 0.9147061109542847, 0.8886977434158325, 0.911442220211029], [0.9409139156341553, 0.9999998807907104, 0.8982970714569092, 0.8814395666122437, 0.8619994521141052, 0.8041626811027527, 0.9248731136322021, 0.9064019918441772, 0.8531229496002197, 0.9004472494125366], [0.8899897933006287, 0.8982970714569092, 1.0, 0.9069283604621887, 0.8437209129333496, 0.7823507189750671, 0.9277517199516296, 0.8708274960517883, 0.8852920532226562, 0.8831977844238281], [0.873323380947113, 0.8814395666122437, 0.9069283604621887, 1.000000238418579, 0.8506737351417542, 0.7622402310371399, 0.9107614159584045, 0.8636457324028015, 0.8566898703575134, 0.8654417395591736], [0.9106504917144775, 0.8619994521141052, 0.8437209129333496, 0.8506737351417542, 1.0, 0.9081868529319763, 0.8569545149803162, 0.9278936386108398, 0.9048185348510742, 0.9262034893035889], [0.8099663257598877, 0.8041626811027527, 0.7823507189750671, 0.7622402310371399, 0.9081868529319763, 1.0, 0.8104957938194275, 0.856610894203186, 0.8465451598167419, 0.86350017786026], [0.8782217502593994, 0.9248731136322021, 0.9277517199516296, 0.9107614159584045, 0.8569545149803162, 0.8104957938194275, 0.9999997019767761, 0.8525235652923584, 0.8576465249061584, 0.8934589624404907], [0.9147061109542847, 0.9064019918441772, 0.8708274960517883, 0.8636457324028015, 0.9278936386108398, 0.856610894203186, 0.8525235652923584, 1.0, 0.9230167269706726, 0.9231856465339661], [0.8886977434158325, 0.8531229496002197, 0.8852920532226562, 0.8566898703575134, 0.9048185348510742, 0.8465451598167419, 0.8576465249061584, 0.9230167269706726, 0.9999998211860657, 0.9002410769462585], [0.911442220211029, 0.9004472494125366, 0.8831977844238281, 0.8654417395591736, 0.9262034893035889, 0.86350017786026, 0.8934589624404907, 0.9231856465339661, 0.9002410769462585, 1.0000001192092896]]}, {"round": 8, "client_ids": [0, 1, 2, 3, 4, 5, 6, 7, 8, 9], "matrix": [[1.0000001192092896, 0.9183650612831116, 0.903870701789856, 0.8785926699638367, 0.8710684180259705, 0.8293368816375732, 0.8779789209365845, 0.8807501196861267, 0.8960250616073608, 0.8997151851654053], [0.9183650612831116, 0.9999999403953552, 0.8868768215179443, 0.8787720799446106, 0.8502054214477539, 0.8512558937072754, 0.9345334768295288, 0.8759350776672363, 0.8606517314910889, 0.9002931118011475], [0.903870701789856, 0.8868768215179443, 1.0, 0.9063528776168823, 0.8386953473091125, 0.8189730644226074, 0.9179263114929199, 0.8550621271133423, 0.8801386952400208, 0.876347541809082], [0.8785926699638367, 0.8787720799446106, 0.9063528776168823, 1.0000001192092896, 0.8460620641708374, 0.8265120983123779, 0.9053484797477722, 0.8489168882369995, 0.8637687563896179, 0.8613536953926086], [0.8710684180259705, 0.8502054214477539, 0.8386953473091125, 0.8460620641708374, 0.9999998211860657, 0.9113849997520447, 0.8295490741729736, 0.9461896419525146, 0.9034559726715088, 0.9310323596000671], [0.8293368816375732, 0.8512558937072754, 0.8189730644226074, 0.8265120983123779, 0.9113849997520447, 1.0, 0.8293270468711853, 0.8851330876350403, 0.8757479786872864, 0.8977057933807373], [0.8779789209365845, 0.9345334768295288, 0.9179263114929199, 0.9053484797477722, 0.8295490741729736, 0.8293270468711853, 1.0, 0.833755373954773, 0.8471749424934387, 0.878963828086853], [0.8807501196861267, 0.8759350776672363, 0.8550621271133423, 0.8489168882369995, 0.9461896419525146, 0.8851330876350403, 0.833755373954773, 1.0000001192092896, 0.9220466613769531, 0.9182742834091187], [0.8960250616073608, 0.8606517314910889, 0.8801386952400208, 0.8637687563896179, 0.9034559726715088, 0.8757479786872864, 0.8471749424934387, 0.9220466613769531, 1.0, 0.8941117525100708], [0.8997151851654053, 0.9002931118011475, 0.876347541809082, 0.8613536953926086, 0.9310323596000671, 0.8977057933807373, 0.878963828086853, 0.9182742834091187, 0.8941117525100708, 1.0000001192092896]]}, {"round": 9, "client_ids": [0, 1, 2, 3, 4, 5, 6, 7, 8, 9], "matrix": [[1.0000001192092896, 0.8973497152328491, 0.9117364287376404, 0.8795275092124939, 0.8686068654060364, 0.8524622321128845, 0.8694943189620972, 0.8784253001213074, 0.8936836123466492, 0.9068871140480042], [0.8973497152328491, 0.9999999403953552, 0.8890044093132019, 0.8969255089759827, 0.8177208304405212, 0.8554821610450745, 0.9496390223503113, 0.8371453881263733, 0.8515793681144714, 0.8917579054832458], [0.9117364287376404, 0.8890044093132019, 0.9999999403953552, 0.8874292373657227, 0.8454179763793945, 0.8494428396224976, 0.9204103946685791, 0.8636001348495483, 0.8895676136016846, 0.8846178650856018], [0.8795275092124939, 0.8969255089759827, 0.8874292373657227, 0.9999999403953552, 0.8504353165626526, 0.848974347114563, 0.8957571983337402, 0.8489758372306824, 0.8677529096603394, 0.872262716293335], [0.8686068654060364, 0.8177208304405212, 0.8454179763793945, 0.8504353165626526, 0.9999998807907104, 0.913849413394928, 0.8232150673866272, 0.9434887766838074, 0.8918688297271729, 0.9156241416931152], [0.8524622321128845, 0.8554821610450745, 0.8494428396224976, 0.848974347114563, 0.913849413394928, 0.9999999403953552, 0.8483387231826782, 0.8796147108078003, 0.8839507699012756, 0.9215671420097351], [0.8694943189620972, 0.9496390223503113, 0.9204103946685791, 0.8957571983337402, 0.8232150673866272, 0.8483387231826782, 1.0, 0.8390088677406311, 0.8598130941390991, 0.8853921294212341], [0.8784253001213074, 0.8371453881263733, 0.8636001348495483, 0.8489758372306824, 0.9434887766838074, 0.8796147108078003, 0.8390088677406311, 0.9999997615814209, 0.8989151120185852, 0.9156723022460938], [0.8936836123466492, 0.8515793681144714, 0.8895676136016846, 0.8677529096603394, 0.8918688297271729, 0.8839507699012756, 0.8598130941390991, 0.8989151120185852, 1.0, 0.8991207480430603], [0.9068871140480042, 0.8917579054832458, 0.8846178650856018, 0.872262716293335, 0.9156241416931152, 0.9215671420097351, 0.8853921294212341, 0.9156723022460938, 0.8991207480430603, 0.9999999403953552]]}, {"round": 10, "client_ids": [0, 1, 2, 3, 4, 5, 6, 7, 8, 9], "matrix": [[1.0, 0.9178556799888611, 0.9338791966438293, 0.8947334289550781, 0.8374912738800049, 0.851851224899292, 0.8836221098899841, 0.8404620289802551, 0.8750377297401428, 0.8990147709846497], [0.9178556799888611, 0.9999998807907104, 0.9164271950721741, 0.8816676139831543, 0.8338470458984375, 0.8771572113037109, 0.9433647990226746, 0.8516713380813599, 0.894266664981842, 0.9103111028671265], [0.9338791966438293, 0.9164271950721741, 1.0000001192092896, 0.8937467932701111, 0.8548863530158997, 0.8654833436012268, 0.925349235534668, 0.8912880420684814, 0.906417191028595, 0.904326856136322], [0.8947334289550781, 0.8816676139831543, 0.8937467932701111, 1.0, 0.8693845272064209, 0.8776677846908569, 0.9110695123672485, 0.8462439775466919, 0.8656211495399475, 0.8988950848579407], [0.8374912738800049, 0.8338470458984375, 0.8548863530158997, 0.8693845272064209, 0.9999999403953552, 0.9149253964424133, 0.8328264951705933, 0.9426891207695007, 0.8612508177757263, 0.9043896198272705], [0.851851224899292, 0.8771572113037109, 0.8654833436012268, 0.8776677846908569, 0.9149253964424133, 1.000000238418579, 0.8634663224220276, 0.8913615345954895, 0.8931176662445068, 0.9364933371543884], [0.8836221098899841, 0.9433647990226746, 0.925349235534668, 0.9110695123672485, 0.8328264951705933, 0.8634663224220276, 0.9999999403953552, 0.834462583065033, 0.8826383352279663, 0.89710932970047], [0.8404620289802551, 0.8516713380813599, 0.8912880420684814, 0.8462439775466919, 0.9426891207695007, 0.8913615345954895, 0.834462583065033, 0.9999998807907104, 0.9051489233970642, 0.8985273838043213], [0.8750377297401428, 0.894266664981842, 0.906417191028595, 0.8656211495399475, 0.8612508177757263, 0.8931176662445068, 0.8826383352279663, 0.9051489233970642, 0.9999999403953552, 0.9327263832092285], [0.8990147709846497, 0.9103111028671265, 0.904326856136322, 0.8988950848579407, 0.9043896198272705, 0.9364933371543884, 0.89710932970047, 0.8985273838043213, 0.9327263832092285, 1.0]]}, {"round": 11, "client_ids": [0, 1, 2, 3, 4, 5, 6, 7, 8, 9], "matrix": [[1.0, 0.9376786351203918, 0.937490701675415, 0.9136379957199097, 0.8723394274711609, 0.9043961763381958, 0.8951191902160645, 0.8649325370788574, 0.900127112865448, 0.9148398637771606], [0.9376786351203918, 1.0, 0.9272063970565796, 0.9044157266616821, 0.8631221055984497, 0.9157045483589172, 0.9483031034469604, 0.8723865747451782, 0.904556155204773, 0.9237658381462097], [0.937490701675415, 0.9272063970565796, 1.0000001192092896, 0.9174871444702148, 0.8597853183746338, 0.8890201449394226, 0.9268040060997009, 0.8978895545005798, 0.9092209935188293, 0.898978590965271], [0.9136379957199097, 0.9044157266616821, 0.9174871444702148, 1.000000238418579, 0.8854882121086121, 0.9048382639884949, 0.9153316020965576, 0.8690289855003357, 0.8710391521453857, 0.8893722891807556], [0.8723394274711609, 0.8631221055984497, 0.8597853183746338, 0.8854882121086121, 1.0, 0.9150844216346741, 0.8256940245628357, 0.9485246539115906, 0.8687467575073242, 0.8929979205131531], [0.9043961763381958, 0.9157045483589172, 0.8890201449394226, 0.9048382639884949, 0.9150844216346741, 0.9999999403953552, 0.8760057687759399, 0.9106572270393372, 0.8941776156425476, 0.9354812502861023], [0.8951191902160645, 0.9483031034469604, 0.9268040060997009, 0.9153316020965576, 0.8256940245628357, 0.8760057687759399, 1.0000001192092896, 0.8253074884414673, 0.8732718229293823, 0.8867200016975403], [0.8649325370788574, 0.8723865747451782, 0.8978895545005798, 0.8690289855003357, 0.9485246539115906, 0.9106572270393372, 0.8253074884414673, 0.9999998211860657, 0.9125198721885681, 0.8936547040939331], [0.900127112865448, 0.904556155204773, 0.9092209935188293, 0.8710391521453857, 0.8687467575073242, 0.8941776156425476, 0.8732718229293823, 0.9125198721885681, 0.9999998807907104, 0.931352972984314], [0.9148398637771606, 0.9237658381462097, 0.898978590965271, 0.8893722891807556, 0.8929979205131531, 0.9354812502861023, 0.8867200016975403, 0.8936547040939331, 0.931352972984314, 0.9999998211860657]]}, {"round": 12, "client_ids": [0, 1, 2, 3, 4, 5, 6, 7, 8, 9], "matrix": [[1.0000001192092896, 0.9446011185646057, 0.9375056624412537, 0.8986575603485107, 0.8552711606025696, 0.9002245664596558, 0.9057153463363647, 0.846125066280365, 0.8874074220657349, 0.9012088775634766], [0.9446011185646057, 1.0, 0.935232400894165, 0.9076821804046631, 0.8717500567436218, 0.9100110530853271, 0.952066957950592, 0.8644030094146729, 0.9072012305259705, 0.9284589886665344], [0.9375056624412537, 0.935232400894165, 1.0000001192092896, 0.9005438089370728, 0.8633022308349609, 0.8901229500770569, 0.9300421476364136, 0.8907662034034729, 0.9176481366157532, 0.8963121175765991], [0.8986575603485107, 0.9076821804046631, 0.9005438089370728, 1.0000001192092896, 0.89249187707901, 0.9076471328735352, 0.9209204912185669, 0.8564215302467346, 0.8735015988349915, 0.8894880414009094], [0.8552711606025696, 0.8717500567436218, 0.8633022308349609, 0.89249187707901, 0.9999998211860657, 0.9214056134223938, 0.8503328561782837, 0.9539406299591064, 0.890296220779419, 0.9019404053688049], [0.9002245664596558, 0.9100110530853271, 0.8901229500770569, 0.9076471328735352, 0.9214056134223938, 0.9999998807907104, 0.8945775032043457, 0.9162614941596985, 0.8916469216346741, 0.9321030378341675], [0.9057153463363647, 0.952066957950592, 0.9300421476364136, 0.9209204912185669, 0.8503328561782837, 0.8945775032043457, 1.000000238418579, 0.8299650549888611, 0.8891671299934387, 0.9009551405906677], [0.846125066280365, 0.8644030094146729, 0.8907662034034729, 0.8564215302467346, 0.9539406299591064, 0.9162614941596985, 0.8299650549888611, 1.0000001192092896, 0.9176236987113953, 0.9041982889175415], [0.8874074220657349, 0.9072012305259705, 0.9176481366157532, 0.8735015988349915, 0.890296220779419, 0.8916469216346741, 0.8891671299934387, 0.9176236987113953, 1.0000001192092896, 0.9362733960151672], [0.9012088775634766, 0.9284589886665344, 0.8963121175765991, 0.8894880414009094, 0.9019404053688049, 0.9321030378341675, 0.9009551405906677, 0.9041982889175415, 0.9362733960151672, 1.0]]}, {"round": 13, "client_ids": [0, 1, 2, 3, 4, 5, 6, 7, 8, 9], "matrix": [[0.9999999403953552, 0.9498004913330078, 0.9322857856750488, 0.9103989601135254, 0.8507643342018127, 0.9028260707855225, 0.9073407649993896, 0.8763582706451416, 0.889071524143219, 0.9069780707359314], [0.9498004913330078, 1.0, 0.9304632544517517, 0.9209567308425903, 0.874769926071167, 0.9144543409347534, 0.9495612978935242, 0.8814447522163391, 0.9052392244338989, 0.9259140491485596], [0.9322857856750488, 0.9304632544517517, 0.9999998211860657, 0.905296802520752, 0.8917029500007629, 0.9082999229431152, 0.9208582639694214, 0.9182460904121399, 0.9319542050361633, 0.9156369566917419], [0.9103989601135254, 0.9209567308425903, 0.905296802520752, 0.9999998211860657, 0.8810776472091675, 0.9128624200820923, 0.9199647903442383, 0.8790249228477478, 0.8812326192855835, 0.901840329170227], [0.8507643342018127, 0.874769926071167, 0.8917029500007629, 0.8810776472091675, 1.0, 0.9338140487670898, 0.8521643280982971, 0.958407998085022, 0.9037267565727234, 0.9073967933654785], [0.9028260707855225, 0.9144543409347534, 0.9082999229431152, 0.9128624200820923, 0.9338140487670898, 0.9999999403953552, 0.8855488300323486, 0.9473742246627808, 0.8990350365638733, 0.9392574429512024], [0.9073407649993896, 0.9495612978935242, 0.9208582639694214, 0.9199647903442383, 0.8521643280982971, 0.8855488300323486, 1.0000001192092896, 0.8396138548851013, 0.8861023783683777, 0.9043741226196289], [0.8763582706451416, 0.8814447522163391, 0.9182460904121399, 0.8790249228477478, 0.958407998085022, 0.9473742246627808, 0.8396138548851013, 1.0, 0.9167468547821045, 0.9214633107185364], [0.889071524143219, 0.9052392244338989, 0.9319542050361633, 0.8812326192855835, 0.9037267565727234, 0.8990350365638733, 0.8861023783683777, 0.9167468547821045, 0.9999998211860657, 0.933725893497467], [0.9069780707359314, 0.9259140491485596, 0.9156369566917419, 0.901840329170227, 0.9073967933654785, 0.9392574429512024, 0.9043741226196289, 0.9214633107185364, 0.933725893497467, 1.0000001192092896]]}, {"round": 14, "client_ids": [0, 1, 2, 3, 4, 5, 6, 7, 8, 9], "matrix": [[1.0000001192092896, 0.9577212929725647, 0.9381958246231079, 0.9197516441345215, 0.8397437930107117, 0.9037728309631348, 0.9120562076568604, 0.8590116500854492, 0.9033850431442261, 0.9106420278549194], [0.9577212929725647, 0.9999998211860657, 0.9390637278556824, 0.930304765701294, 0.8631813526153564, 0.9122545123100281, 0.9473573565483093, 0.8711026310920715, 0.9153081774711609, 0.9132638573646545], [0.9381958246231079, 0.9390637278556824, 0.9999999403953552, 0.9313075542449951, 0.8838371634483337, 0.9104427695274353, 0.922306478023529, 0.9060190916061401, 0.9359808564186096, 0.9120526313781738], [0.9197516441345215, 0.930304765701294, 0.9313075542449951, 0.9999997019767761, 0.887765109539032, 0.9280080795288086, 0.9305761456489563, 0.8831523656845093, 0.9186114072799683, 0.9181315302848816], [0.8397437930107117, 0.8631813526153564, 0.8838371634483337, 0.887765109539032, 1.0000001192092896, 0.941322922706604, 0.8594749569892883, 0.9566786289215088, 0.9056813716888428, 0.9080160856246948], [0.9037728309631348, 0.9122545123100281, 0.9104427695274353, 0.9280080795288086, 0.941322922706604, 1.0, 0.88822340965271, 0.9474471211433411, 0.9176155924797058, 0.9349327087402344], [0.9120562076568604, 0.9473573565483093, 0.922306478023529, 0.9305761456489563, 0.8594749569892883, 0.88822340965271, 1.0000001192092896, 0.8456239104270935, 0.9046992659568787, 0.9073435664176941], [0.8590116500854492, 0.8711026310920715, 0.9060190916061401, 0.8831523656845093, 0.9566786289215088, 0.9474471211433411, 0.8456239104270935, 1.0, 0.9198830723762512, 0.9243633151054382], [0.9033850431442261, 0.9153081774711609, 0.9359808564186096, 0.9186114072799683, 0.9056813716888428, 0.9176155924797058, 0.9046992659568787, 0.9198830723762512, 1.0, 0.9408549666404724], [0.9106420278549194, 0.9132638573646545, 0.9120526313781738, 0.9181315302848816, 0.9080160856246948, 0.9349327087402344, 0.9073435664176941, 0.9243633151054382, 0.9408549666404724, 0.9999999403953552]]}, {"round": 15, "client_ids": [0, 1, 2, 3, 4, 5, 6, 7, 8, 9], "matrix": [[0.9999998807907104, 0.9642156362533569, 0.9333157539367676, 0.9363256096839905, 0.8488260507583618, 0.9095195531845093, 0.9093002676963806, 0.8494758605957031, 0.9026148915290833, 0.9155353903770447], [0.9642156362533569, 0.9999999403953552, 0.9347517490386963, 0.9331969022750854, 0.8507609367370605, 0.9035047292709351, 0.9470386505126953, 0.8411733508110046, 0.9059292078018188, 0.9077557325363159], [0.9333157539367676, 0.9347517490386963, 0.9999999403953552, 0.9295454621315002, 0.8941417932510376, 0.9108304977416992, 0.9167364239692688, 0.8971309065818787, 0.9201615452766418, 0.9089810848236084], [0.9363256096839905, 0.9331969022750854, 0.9295454621315002, 0.9999999403953552, 0.9007440805435181, 0.9267149567604065, 0.9234930276870728, 0.8803569674491882, 0.925678551197052, 0.9175000786781311], [0.8488260507583618, 0.8507609367370605, 0.8941417932510376, 0.9007440805435181, 0.9999998211860657, 0.9404330253601074, 0.8670481443405151, 0.9599630832672119, 0.9189613461494446, 0.9258375763893127], [0.9095195531845093, 0.9035047292709351, 0.9108304977416992, 0.9267149567604065, 0.9404330253601074, 0.9999998211860657, 0.8886958956718445, 0.9352167248725891, 0.9226197004318237, 0.9306020736694336], [0.9093002676963806, 0.9470386505126953, 0.9167364239692688, 0.9234930276870728, 0.8670481443405151, 0.8886958956718445, 1.0, 0.8257184624671936, 0.9028250575065613, 0.8983731865882874], [0.8494758605957031, 0.8411733508110046, 0.8971309065818787, 0.8803569674491882, 0.9599630832672119, 0.9352167248725891, 0.8257184624671936, 0.9999999403953552, 0.9147365093231201, 0.9150949120521545], [0.9026148915290833, 0.9059292078018188, 0.9201615452766418, 0.925678551197052, 0.9189613461494446, 0.9226197004318237, 0.9028250575065613, 0.9147365093231201, 0.9999998807907104, 0.9422719478607178], [0.9155353903770447, 0.9077557325363159, 0.9089810848236084, 0.9175000786781311, 0.9258375763893127, 0.9306020736694336, 0.8983731865882874, 0.9150949120521545, 0.9422719478607178, 1.0000001192092896]]}, {"round": 16, "client_ids": [0, 1, 2, 3, 4, 5, 6, 7, 8, 9], "matrix": [[1.0000001192092896, 0.9684123396873474, 0.937612771987915, 0.9414238929748535, 0.8541319966316223, 0.9152616262435913, 0.9051777124404907, 0.8571920394897461, 0.9084369540214539, 0.9262192845344543], [0.9684123396873474, 1.0, 0.9423723220825195, 0.9413083791732788, 0.8678568601608276, 0.9185110926628113, 0.9509416222572327, 0.852619469165802, 0.9302797913551331, 0.9277175068855286], [0.937612771987915, 0.9423723220825195, 1.0000001192092896, 0.9332015514373779, 0.8771340250968933, 0.9168248772621155, 0.9207018613815308, 0.8931568264961243, 0.9179565906524658, 0.9098814725875854], [0.9414238929748535, 0.9413083791732788, 0.9332015514373779, 0.9999999403953552, 0.9146267175674438, 0.9492565393447876, 0.915100634098053, 0.9074769020080566, 0.9344401359558105, 0.9305580258369446], [0.8541319966316223, 0.8678568601608276, 0.8771340250968933, 0.9146267175674438, 1.0000001192092896, 0.9439685344696045, 0.8599343299865723, 0.9522401094436646, 0.9208289384841919, 0.922683835029602], [0.9152616262435913, 0.9185110926628113, 0.9168248772621155, 0.9492565393447876, 0.9439685344696045, 1.000000238418579, 0.8899000883102417, 0.9441199898719788, 0.9316214323043823, 0.936947226524353], [0.9051777124404907, 0.9509416222572327, 0.9207018613815308, 0.915100634098053, 0.8599343299865723, 0.8899000883102417, 1.0, 0.8140566945075989, 0.9023182392120361, 0.8878622055053711], [0.8571920394897461, 0.852619469165802, 0.8931568264961243, 0.9074769020080566, 0.9522401094436646, 0.9441199898719788, 0.8140566945075989, 1.0000001192092896, 0.9037443995475769, 0.9138563275337219], [0.9084369540214539, 0.9302797913551331, 0.9179565906524658, 0.9344401359558105, 0.9208289384841919, 0.9316214323043823, 0.9023182392120361, 0.9037443995475769, 0.9999998807907104, 0.9400057792663574], [0.9262192845344543, 0.9277175068855286, 0.9098814725875854, 0.9305580258369446, 0.922683835029602, 0.936947226524353, 0.8878622055053711, 0.9138563275337219, 0.9400057792663574, 1.0000001192092896]]}, {"round": 17, "client_ids": [0, 1, 2, 3, 4, 5, 6, 7, 8, 9], "matrix": [[0.9999999403953552, 0.9683467745780945, 0.9462998509407043, 0.9496100544929504, 0.8719661235809326, 0.913986086845398, 0.9046014547348022, 0.8286108374595642, 0.9091789126396179, 0.9240326285362244], [0.9683467745780945, 1.0, 0.9421539902687073, 0.9495968222618103, 0.8804152011871338, 0.9214603900909424, 0.9484951496124268, 0.8270750641822815, 0.9326505661010742, 0.9400818347930908], [0.9462998509407043, 0.9421539902687073, 1.0, 0.9397940039634705, 0.8944058418273926, 0.9304863214492798, 0.9156126379966736, 0.8722813725471497, 0.9174271821975708, 0.9252231121063232], [0.9496100544929504, 0.9495968222618103, 0.9397940039634705, 1.0, 0.9268009066581726, 0.9451414346694946, 0.9086562395095825, 0.8959593772888184, 0.9308481216430664, 0.9387180209159851], [0.8719661235809326, 0.8804152011871338, 0.8944058418273926, 0.9268009066581726, 0.9999998211860657, 0.9388206005096436, 0.8561755418777466, 0.9549788236618042, 0.924956202507019, 0.93091881275177], [0.913986086845398, 0.9214603900909424, 0.9304863214492798, 0.9451414346694946, 0.9388206005096436, 1.0000001192092896, 0.8943305015563965, 0.9231370687484741, 0.9368113279342651, 0.9392707347869873], [0.9046014547348022, 0.9484951496124268, 0.9156126379966736, 0.9086562395095825, 0.8561755418777466, 0.8943305015563965, 0.9999998211860657, 0.7779309153556824, 0.8932061195373535, 0.8903555870056152], [0.8286108374595642, 0.8270750641822815, 0.8722813725471497, 0.8959593772888184, 0.9549788236618042, 0.9231370687484741, 0.7779309153556824, 1.0000001192092896, 0.8860984444618225, 0.896661102771759], [0.9091789126396179, 0.9326505661010742, 0.9174271821975708, 0.9308481216430664, 0.924956202507019, 0.9368113279342651, 0.8932061195373535, 0.8860984444618225, 0.9999997019767761, 0.9445657134056091], [0.9240326285362244, 0.9400818347930908, 0.9252231121063232, 0.9387180209159851, 0.93091881275177, 0.9392707347869873, 0.8903555870056152, 0.896661102771759, 0.9445657134056091, 1.0000001192092896]]}, {"round": 18, "client_ids": [0, 1, 2, 3, 4, 5, 6, 7, 8, 9], "matrix": [[1.0000001192092896, 0.9633222818374634, 0.9512312412261963, 0.9492365121841431, 0.8773524165153503, 0.8993996381759644, 0.9177041053771973, 0.8052318096160889, 0.9107272624969482, 0.9181532859802246], [0.9633222818374634, 1.0000001192092896, 0.9461116194725037, 0.95196533203125, 0.8939415812492371, 0.9256789088249207, 0.9636263847351074, 0.8248196840286255, 0.940777599811554, 0.9315071702003479], [0.9512312412261963, 0.9461116194725037, 1.0, 0.9379844665527344, 0.8850425481796265, 0.9223141074180603, 0.9229370951652527, 0.8521527051925659, 0.9117211699485779, 0.9207831025123596], [0.9492365121841431, 0.95196533203125, 0.9379844665527344, 1.0, 0.939344584941864, 0.9411048293113708, 0.921442985534668, 0.8842970132827759, 0.934744119644165, 0.9398926496505737], [0.8773524165153503, 0.8939415812492371, 0.8850425481796265, 0.939344584941864, 0.9999998807907104, 0.9289487600326538, 0.8600184321403503, 0.9509467482566833, 0.9237465858459473, 0.9389204978942871], [0.8993996381759644, 0.9256789088249207, 0.9223141074180603, 0.9411048293113708, 0.9289487600326538, 0.9999999403953552, 0.9057849645614624, 0.9042473435401917, 0.9260278940200806, 0.9323976635932922], [0.9177041053771973, 0.9636263847351074, 0.9229370951652527, 0.921442985534668, 0.8600184321403503, 0.9057849645614624, 1.0000001192092896, 0.7841755151748657, 0.9016855359077454, 0.8806800246238708], [0.8052318096160889, 0.8248196840286255, 0.8521527051925659, 0.8842970132827759, 0.9509467482566833, 0.9042473435401917, 0.7841755151748657, 0.9999998211860657, 0.8696553707122803, 0.8864845633506775], [0.9107272624969482, 0.940777599811554, 0.9117211699485779, 0.934744119644165, 0.9237465858459473, 0.9260278940200806, 0.9016855359077454, 0.8696553707122803, 1.0000001192092896, 0.9452613592147827], [0.9181532859802246, 0.9315071702003479, 0.9207831025123596, 0.9398926496505737, 0.9389204978942871, 0.9323976635932922, 0.8806800246238708, 0.8864845633506775, 0.9452613592147827, 1.000000238418579]]}, {"round": 19, "client_ids": [0, 1, 2, 3, 4, 5, 6, 7, 8, 9], "matrix": [[1.000000238418579, 0.9592534899711609, 0.956764280796051, 0.9451748132705688, 0.8787052035331726, 0.8886563181877136, 0.9138145446777344, 0.7974836826324463, 0.9073569774627686, 0.8942539095878601], [0.9592534899711609, 0.9999997019767761, 0.9403996467590332, 0.9420480132102966, 0.8957577347755432, 0.909966230392456, 0.9537346363067627, 0.807475209236145, 0.9352318048477173, 0.9173954129219055], [0.956764280796051, 0.9403996467590332, 1.0, 0.9325863122940063, 0.8951122760772705, 0.9127001762390137, 0.9214145541191101, 0.8304771184921265, 0.9041723012924194, 0.8973329663276672], [0.9451748132705688, 0.9420480132102966, 0.9325863122940063, 1.000000238418579, 0.9502624273300171, 0.940109372138977, 0.9029173851013184, 0.8965312242507935, 0.9362667202949524, 0.9364298582077026], [0.8787052035331726, 0.8957577347755432, 0.8951122760772705, 0.9502624273300171, 0.9999999403953552, 0.9457748532295227, 0.8691892623901367, 0.9401510953903198, 0.9379268884658813, 0.9421737194061279], [0.8886563181877136, 0.909966230392456, 0.9127001762390137, 0.940109372138977, 0.9457748532295227, 1.0, 0.8963505029678345, 0.9100091457366943, 0.9267158508300781, 0.9342524409294128], [0.9138145446777344, 0.9537346363067627, 0.9214145541191101, 0.9029173851013184, 0.8691892623901367, 0.8963505029678345, 1.0000001192092896, 0.7637173533439636, 0.8916618227958679, 0.8567901253700256], [0.7974836826324463, 0.807475209236145, 0.8304771184921265, 0.8965312242507935, 0.9401510953903198, 0.9100091457366943, 0.7637173533439636, 1.0, 0.8753097653388977, 0.8953691720962524], [0.9073569774627686, 0.9352318048477173, 0.9041723012924194, 0.9362667202949524, 0.9379268884658813, 0.9267158508300781, 0.8916618227958679, 0.8753097653388977, 0.9999998211860657, 0.94719398021698], [0.8942539095878601, 0.9173954129219055, 0.8973329663276672, 0.9364298582077026, 0.9421737194061279, 0.9342524409294128, 0.8567901253700256, 0.8953691720962524, 0.94719398021698, 1.0000001192092896]]}, {"round": 20, "client_ids": [0, 1, 2, 3, 4, 5, 6, 7, 8, 9], "matrix": [[1.0, 0.9512139558792114, 0.9561275243759155, 0.9508510828018188, 0.8555606603622437, 0.8772263526916504, 0.9097113013267517, 0.7891873121261597, 0.898391842842102, 0.8705785870552063], [0.9512139558792114, 0.9999998807907104, 0.929269015789032, 0.9541712403297424, 0.8792344927787781, 0.8982176184654236, 0.9356575012207031, 0.8124340772628784, 0.936276376247406, 0.9133718013763428], [0.9561275243759155, 0.929269015789032, 0.9999999403953552, 0.9404732584953308, 0.8971152901649475, 0.9170796871185303, 0.9105008840560913, 0.851895272731781, 0.9003022909164429, 0.8861226439476013], [0.9508510828018188, 0.9541712403297424, 0.9404732584953308, 1.000000238418579, 0.9229492545127869, 0.9280104041099548, 0.922459065914154, 0.8607780933380127, 0.9266837239265442, 0.9137299060821533], [0.8555606603622437, 0.8792344927787781, 0.8971152901649475, 0.9229492545127869, 0.9999999403953552, 0.9354386925697327, 0.8470309376716614, 0.94903963804245, 0.9256923794746399, 0.9400540590286255], [0.8772263526916504, 0.8982176184654236, 0.91707968711