{"dataset": ["IMDB-BINARY"], "num_clients": 10, "total_rounds_recorded": 100, "history": [{"round": 1, "client_ids": [0, 1, 2, 3, 4, 5, 6, 7, 8, 9], "matrix": [[1.0, 0.5436015129089355, 0.5848903656005859, 0.4813976287841797, 0.4521130323410034, 0.45720839500427246, 0.4494140148162842, 0.5873997211456299, 0.46959105134010315, 0.4917130768299103], [0.5436015129089355, 0.9999999403953552, 0.4881128966808319, 0.4645135998725891, 0.4206361174583435, 0.40580880641937256, 0.4086682200431824, 0.38553914427757263, 0.5615843534469604, 0.5626499652862549], [0.5848903656005859, 0.4881128966808319, 1.0, 0.5482580661773682, 0.3797033727169037, 0.44802772998809814, 0.5072053074836731, 0.5363258719444275, 0.4644084870815277, 0.4608297348022461], [0.4813976287841797, 0.4645135998725891, 0.5482580661773682, 1.000000238418579, 0.3784676790237427, 0.40256884694099426, 0.4757477045059204, 0.38055479526519775, 0.40013545751571655, 0.4624808132648468], [0.4521130323410034, 0.4206361174583435, 0.3797033727169037, 0.3784676790237427, 1.0000001192092896, 0.6012821793556213, 0.19324389100074768, 0.2762777805328369, 0.3527432680130005, 0.38780277967453003], [0.45720839500427246, 0.40580880641937256, 0.44802772998809814, 0.40256884694099426, 0.6012821793556213, 0.9999997615814209, 0.3000275790691376, 0.4029046297073364, 0.33215266466140747, 0.3168988525867462], [0.4494140148162842, 0.4086682200431824, 0.5072053074836731, 0.4757477045059204, 0.19324389100074768, 0.3000275790691376, 1.0, 0.6134233474731445, 0.37796148657798767, 0.4785871207714081], [0.5873997211456299, 0.38553914427757263, 0.5363258719444275, 0.38055479526519775, 0.2762777805328369, 0.4029046297073364, 0.6134233474731445, 0.9999998807907104, 0.3447701036930084, 0.4261936545372009], [0.46959105134010315, 0.5615843534469604, 0.4644084870815277, 0.40013545751571655, 0.3527432680130005, 0.33215266466140747, 0.37796148657798767, 0.3447701036930084, 1.000000238418579, 0.30661410093307495], [0.4917130768299103, 0.5626499652862549, 0.4608297348022461, 0.4624808132648468, 0.38780277967453003, 0.3168988525867462, 0.4785871207714081, 0.4261936545372009, 0.30661410093307495, 1.0]]}, {"round": 2, "client_ids": [0, 1, 2, 3, 4, 5, 6, 7, 8, 9], "matrix": [[0.9999998807907104, 0.9381179809570312, 0.9599534273147583, 0.9307351112365723, 0.9133831262588501, 0.848292350769043, 0.9521054625511169, 0.9873437881469727, 0.9867697358131409, 0.9757833480834961], [0.9381179809570312, 0.9999998807907104, 0.9338796138763428, 0.9589901566505432, 0.9549912214279175, 0.9159852266311646, 0.9653478860855103, 0.9428344964981079, 0.9242255687713623, 0.9489776492118835], [0.9599534273147583, 0.9338796138763428, 1.0, 0.9145236015319824, 0.9141310453414917, 0.8527982234954834, 0.9481158256530762, 0.9677750468254089, 0.9596385955810547, 0.9596296548843384], [0.9307351112365723, 0.9589901566505432, 0.9145236015319824, 1.0000001192092896, 0.9721213579177856, 0.880745530128479, 0.9537182450294495, 0.9536764025688171, 0.9242308735847473, 0.9444632530212402], [0.9133831262588501, 0.9549912214279175, 0.9141310453414917, 0.9721213579177856, 1.0, 0.8935947418212891, 0.9414655566215515, 0.9353410005569458, 0.9057947397232056, 0.9326279163360596], [0.848292350769043, 0.9159852266311646, 0.8527982234954834, 0.880745530128479, 0.8935947418212891, 1.0000001192092896, 0.8881788849830627, 0.8498508334159851, 0.8581573367118835, 0.8757094144821167], [0.9521054625511169, 0.9653478860855103, 0.9481158256530762, 0.9537182450294495, 0.9414655566215515, 0.8881788849830627, 0.9999998807907104, 0.9512314200401306, 0.9414726495742798, 0.950579822063446], [0.9873437881469727, 0.9428344964981079, 0.9677750468254089, 0.9536764025688171, 0.9353410005569458, 0.8498508334159851, 0.9512314200401306, 1.0, 0.9794202446937561, 0.9795223474502563], [0.9867697358131409, 0.9242255687713623, 0.9596385955810547, 0.9242308735847473, 0.9057947397232056, 0.8581573367118835, 0.9414726495742798, 0.9794202446937561, 0.9999998807907104, 0.9602700471878052], [0.9757833480834961, 0.9489776492118835, 0.9596296548843384, 0.9444632530212402, 0.9326279163360596, 0.8757094144821167, 0.950579822063446, 0.9795223474502563, 0.9602700471878052, 1.0]]}, {"round": 3, "client_ids": [0, 1, 2, 3, 4, 5, 6, 7, 8, 9], "matrix": [[1.0000001192092896, 0.9237661957740784, 0.9608703255653381, 0.9249975085258484, 0.905828058719635, 0.7199807167053223, 0.9418721199035645, 0.9918311238288879, 0.99281907081604, 0.9808834195137024], [0.9237661957740784, 1.0000001192092896, 0.9495773315429688, 0.9701967239379883, 0.9564534425735474, 0.7730766534805298, 0.9712298512458801, 0.933734655380249, 0.9380813837051392, 0.9461860656738281], [0.9608703255653381, 0.9495773315429688, 1.0, 0.9287888407707214, 0.9263508319854736, 0.7480473518371582, 0.962857186794281, 0.9655657410621643, 0.9686621427536011, 0.9615122675895691], [0.9249975085258484, 0.9701967239379883, 0.9287888407707214, 1.0000001192092896, 0.9642730355262756, 0.7953166961669922, 0.9564573764801025, 0.933112621307373, 0.9381650686264038, 0.9470875263214111], [0.905828058719635, 0.9564534425735474, 0.9263508319854736, 0.9642730355262756, 1.0, 0.762917160987854, 0.9357596635818481, 0.917839765548706, 0.9169068336486816, 0.9298511743545532], [0.7199807167053223, 0.7730766534805298, 0.7480473518371582, 0.7953166961669922, 0.762917160987854, 0.9999998807907104, 0.781737744808197, 0.7263317108154297, 0.7485297918319702, 0.738073468208313], [0.9418721199035645, 0.9712298512458801, 0.962857186794281, 0.9564573764801025, 0.9357596635818481, 0.781737744808197, 0.9999999403953552, 0.9446992874145508, 0.9544097185134888, 0.9539045691490173], [0.9918311238288879, 0.933734655380249, 0.9655657410621643, 0.933112621307373, 0.917839765548706, 0.7263317108154297, 0.9446992874145508, 1.0, 0.9930528402328491, 0.9825068712234497], [0.99281907081604, 0.9380813837051392, 0.9686621427536011, 0.9381650686264038, 0.9169068336486816, 0.7485297918319702, 0.9544097185134888, 0.9930528402328491, 0.9999999403953552, 0.9812461733818054], [0.9808834195137024, 0.9461860656738281, 0.9615122675895691, 0.9470875263214111, 0.9298511743545532, 0.738073468208313, 0.9539045691490173, 0.9825068712234497, 0.9812461733818054, 1.000000238418579]]}, {"round": 4, "client_ids": [0, 1, 2, 3, 4, 5, 6, 7, 8, 9], "matrix": [[0.9999999403953552, 0.9429235458374023, 0.9702345132827759, 0.9068658947944641, 0.9174298048019409, 0.6611771583557129, 0.9518972635269165, 0.9948103427886963, 0.9906754493713379, 0.975458025932312], [0.9429235458374023, 0.9999999403953552, 0.9572966694831848, 0.9298903346061707, 0.9527910947799683, 0.6765772104263306, 0.9626589417457581, 0.9490475058555603, 0.9521114230155945, 0.9498624801635742], [0.9702345132827759, 0.9572966694831848, 1.0, 0.9258803725242615, 0.9471875429153442, 0.6934090852737427, 0.975817084312439, 0.9729098081588745, 0.9699831008911133, 0.9663472175598145], [0.9068658947944641, 0.9298903346061707, 0.9258803725242615, 1.0, 0.9489349126815796, 0.7298246622085571, 0.9394822716712952, 0.9110292792320251, 0.9253449440002441, 0.91803377866745], [0.9174298048019409, 0.9527910947799683, 0.9471875429153442, 0.9489349126815796, 1.0000001192092896, 0.6922283172607422, 0.9443811178207397, 0.9296083450317383, 0.9279146194458008, 0.9202003479003906], [0.6611771583557129, 0.6765772104263306, 0.6934090852737427, 0.7298246622085571, 0.6922283172607422, 1.0000001192092896, 0.7344087362289429, 0.6580061316490173, 0.7052195072174072, 0.7071399688720703], [0.9518972635269165, 0.9626589417457581, 0.975817084312439, 0.9394822716712952, 0.9443811178207397, 0.7344087362289429, 0.9999998807907104, 0.9526954889297485, 0.9622234106063843, 0.9580491185188293], [0.9948103427886963, 0.9490475058555603, 0.9729098081588745, 0.9110292792320251, 0.9296083450317383, 0.6580061316490173, 0.9526954889297485, 1.0, 0.9893912076950073, 0.9735802412033081], [0.9906754493713379, 0.9521114230155945, 0.9699831008911133, 0.9253449440002441, 0.9279146194458008, 0.7052195072174072, 0.9622234106063843, 0.9893912076950073, 1.0000001192092896, 0.9827283620834351], [0.975458025932312, 0.9498624801635742, 0.9663472175598145, 0.91803377866745, 0.9202003479003906, 0.7071399688720703, 0.9580491185188293, 0.9735802412033081, 0.9827283620834351, 1.000000238418579]]}, {"round": 5, "client_ids": [0, 1, 2, 3, 4, 5, 6, 7, 8, 9], "matrix": [[1.000000238418579, 0.9390132427215576, 0.9678568243980408, 0.9061009287834167, 0.9071207642555237, 0.769040048122406, 0.9522435665130615, 0.9895470142364502, 0.9851151704788208, 0.9535592794418335], [0.9390132427215576, 1.0000001192092896, 0.9518578052520752, 0.915894627571106, 0.9203099608421326, 0.7698653936386108, 0.9539589881896973, 0.9377234578132629, 0.9444996118545532, 0.9051421284675598], [0.9678568243980408, 0.9518578052520752, 1.0000001192092896, 0.9048008918762207, 0.9232379198074341, 0.7438351511955261, 0.95987868309021, 0.9710391759872437, 0.9596158266067505, 0.9332348704338074], [0.9061009287834167, 0.915894627571106, 0.9048008918762207, 0.9999997019767761, 0.9603997468948364, 0.8026520013809204, 0.9252725839614868, 0.90192711353302, 0.916894793510437, 0.8799394369125366], [0.9071207642555237, 0.9203099608421326, 0.9232379198074341, 0.9603997468948364, 0.9999998807907104, 0.768258273601532, 0.9343523979187012, 0.908393144607544, 0.9139998555183411, 0.8995492458343506], [0.769040048122406, 0.7698653936386108, 0.7438351511955261, 0.8026520013809204, 0.768258273601532, 0.9999999403953552, 0.8353331089019775, 0.7867996096611023, 0.8065615892410278, 0.8203229904174805], [0.9522435665130615, 0.9539589881896973, 0.95987868309021, 0.9252725839614868, 0.9343523979187012, 0.8353331089019775, 1.0000001192092896, 0.9543310403823853, 0.9628173112869263, 0.9489009380340576], [0.9895470142364502, 0.9377234578132629, 0.9710391759872437, 0.90192711353302, 0.908393144607544, 0.7867996096611023, 0.9543310403823853, 1.0, 0.9816444516181946, 0.954837441444397], [0.9851151704788208, 0.9444996118545532, 0.9596158266067505, 0.916894793510437, 0.9139998555183411, 0.8065615892410278, 0.9628173112869263, 0.9816444516181946, 1.0, 0.9661469459533691], [0.9535592794418335, 0.9051421284675598, 0.9332348704338074, 0.8799394369125366, 0.8995492458343506, 0.8203229904174805, 0.9489009380340576, 0.954837441444397, 0.9661469459533691, 1.0000001192092896]]}, {"round": 6, "client_ids": [0, 1, 2, 3, 4, 5, 6, 7, 8, 9], "matrix": [[1.0, 0.9359496831893921, 0.952990710735321, 0.9164804816246033, 0.9164224863052368, 0.9109765291213989, 0.9575059413909912, 0.9788864850997925, 0.9823207855224609, 0.9589781761169434], [0.9359496831893921, 1.0, 0.928155243396759, 0.8894557952880859, 0.8949098587036133, 0.8823493123054504, 0.9490043520927429, 0.9306914210319519, 0.9288827180862427, 0.9036071300506592], [0.952990710735321, 0.928155243396759, 1.0, 0.8948237895965576, 0.9132042527198792, 0.8617499470710754, 0.9493758678436279, 0.9723788499832153, 0.9481037259101868, 0.930539608001709], [0.9164804816246033, 0.8894557952880859, 0.8948237895965576, 1.0000001192092896, 0.9394114017486572, 0.8811855316162109, 0.9146286845207214, 0.897598385810852, 0.9146397113800049, 0.8698975443840027], [0.9164224863052368, 0.8949098587036133, 0.9132042527198792, 0.9394114017486572, 1.0, 0.8609272241592407, 0.9256159663200378, 0.8974864482879639, 0.9078375101089478, 0.8824783563613892], [0.9109765291213989, 0.8823493123054504, 0.8617499470710754, 0.8811855316162109, 0.8609272241592407, 0.9999999403953552, 0.9236820936203003, 0.8923178911209106, 0.900956392288208, 0.9007645845413208], [0.9575059413909912, 0.9490043520927429, 0.9493758678436279, 0.9146286845207214, 0.9256159663200378, 0.9236820936203003, 0.9999998807907104, 0.9525085687637329, 0.9523041248321533, 0.946611225605011], [0.9788864850997925, 0.9306914210319519, 0.9723788499832153, 0.897598385810852, 0.8974864482879639, 0.8923178911209106, 0.9525085687637329, 1.0000001192092896, 0.9756424427032471, 0.9611334204673767], [0.9823207855224609, 0.9288827180862427, 0.9481037259101868, 0.9146397113800049, 0.9078375101089478, 0.900956392288208, 0.9523041248321533, 0.9756424427032471, 1.0, 0.9655686020851135], [0.9589781761169434, 0.9036071300506592, 0.930539608001709, 0.8698975443840027, 0.8824783563613892, 0.9007645845413208, 0.946611225605011, 0.9611334204673767, 0.9655686020851135, 0.9999999403953552]]}, {"round": 7, "client_ids": [0, 1, 2, 3, 4, 5, 6, 7, 8, 9], "matrix": [[1.0, 0.9467085003852844, 0.9519543647766113, 0.9295264482498169, 0.930574893951416, 0.9454003572463989, 0.9620063900947571, 0.9741990566253662, 0.9808377027511597, 0.9498329162597656], [0.9467085003852844, 1.0, 0.9173647165298462, 0.8945164680480957, 0.916293740272522, 0.9185877442359924, 0.9521421194076538, 0.943325400352478, 0.9384864568710327, 0.9033586978912354], [0.9519543647766113, 0.9173647165298462, 1.0000001192092896, 0.8982145190238953, 0.9232826232910156, 0.9182020425796509, 0.9582043886184692, 0.9666717648506165, 0.9502764940261841, 0.943475604057312], [0.9295264482498169, 0.8945164680480957, 0.8982145190238953, 1.0, 0.9212802648544312, 0.9161808490753174, 0.921395480632782, 0.9154921770095825, 0.9283713102340698, 0.899300754070282], [0.930574893951416, 0.916293740272522, 0.9232826232910156, 0.9212802648544312, 1.000000238418579, 0.8969537615776062, 0.938861608505249, 0.921356201171875, 0.9286539554595947, 0.9214110374450684], [0.9454003572463989, 0.9185877442359924, 0.9182020425796509, 0.9161808490753174, 0.8969537615776062, 1.0000001192092896, 0.9400737285614014, 0.9394715428352356, 0.9352127909660339, 0.9285776019096375], [0.9620063900947571, 0.9521421194076538, 0.9582043886184692, 0.921395480632782, 0.938861608505249, 0.9400737285614014, 1.0, 0.964678168296814, 0.9571070671081543, 0.9450212717056274], [0.9741990566253662, 0.943325400352478, 0.9666717648506165, 0.9154921770095825, 0.921356201171875, 0.9394715428352356, 0.964678168296814, 0.9999998807907104, 0.9744930267333984, 0.955222487449646], [0.9808377027511597, 0.9384864568710327, 0.9502764940261841, 0.9283713102340698, 0.9286539554595947, 0.9352127909660339, 0.9571070671081543, 0.9744930267333984, 0.9999998807907104, 0.9552801251411438], [0.9498329162597656, 0.9033586978912354, 0.943475604057312, 0.899300754070282, 0.9214110374450684, 0.9285776019096375, 0.9450212717056274, 0.955222487449646, 0.9552801251411438, 1.0]]}, {"round": 8, "client_ids": [0, 1, 2, 3, 4, 5, 6, 7, 8, 9], "matrix": [[0.9999999403953552, 0.951774001121521, 0.9518868923187256, 0.9457054138183594, 0.9428141117095947, 0.948495626449585, 0.960385799407959, 0.9747776985168457, 0.9829878807067871, 0.951740562915802], [0.951774001121521, 1.0, 0.9203871488571167, 0.9058973789215088, 0.9246835708618164, 0.9376217126846313, 0.9457693696022034, 0.9486463069915771, 0.9424494504928589, 0.9137814044952393], [0.9518868923187256, 0.9203871488571167, 1.0, 0.9266390800476074, 0.9295670986175537, 0.9219684600830078, 0.9568442702293396, 0.9637503027915955, 0.9507415294647217, 0.9530032873153687], [0.9457054138183594, 0.9058973789215088, 0.9266390800476074, 1.0, 0.9299346208572388, 0.9230553507804871, 0.9359327554702759, 0.9368247985839844, 0.945633053779602, 0.9263622760772705], [0.9428141117095947, 0.9246835708618164, 0.9295670986175537, 0.9299346208572388, 0.9999999403953552, 0.9068479537963867, 0.93790602684021, 0.9312649965286255, 0.9455763697624207, 0.9403349161148071], [0.948495626449585, 0.9376217126846313, 0.9219684600830078, 0.9230553507804871, 0.9068479537963867, 0.9999998807907104, 0.9399001598358154, 0.9472528696060181, 0.9389975666999817, 0.925321102142334], [0.960385799407959, 0.9457693696022034, 0.9568442702293396, 0.9359327554702759, 0.93790602684021, 0.9399001598358154, 1.0, 0.9618663787841797, 0.9579139351844788, 0.9502924680709839], [0.9747776985168457, 0.9486463069915771, 0.9637503027915955, 0.9368247985839844, 0.9312649965286255, 0.9472528696060181, 0.9618663787841797, 1.0, 0.9713566303253174, 0.9605252742767334], [0.9829878807067871, 0.9424494504928589, 0.9507415294647217, 0.945633053779602, 0.9455763697624207, 0.9389975666999817, 0.9579139351844788, 0.9713566303253174, 1.0, 0.9578648805618286], [0.951740562915802, 0.9137814044952393, 0.9530032873153687, 0.9263622760772705, 0.9403349161148071, 0.925321102142334, 0.9502924680709839, 0.9605252742767334, 0.9578648805618286, 1.0000001192092896]]}, {"round": 9, "client_ids": [0, 1, 2, 3, 4, 5, 6, 7, 8, 9], "matrix": [[0.9999999403953552, 0.9585477113723755, 0.9487806558609009, 0.9583327770233154, 0.9410338997840881, 0.9642386436462402, 0.9615223407745361, 0.97559654712677, 0.9846054315567017, 0.9550415277481079], [0.9585477113723755, 1.0000001192092896, 0.9245633482933044, 0.9235532283782959, 0.9255460500717163, 0.9550942182540894, 0.9467988014221191, 0.946397066116333, 0.9475911855697632, 0.9163371324539185], [0.9487806558609009, 0.9245633482933044, 0.9999998807907104, 0.9400967359542847, 0.9287116527557373, 0.9304583668708801, 0.956337034702301, 0.9586448669433594, 0.9532199501991272, 0.9612370729446411], [0.9583327770233154, 0.9235532283782959, 0.9400967359542847, 1.0, 0.9373472332954407, 0.9420027136802673, 0.9446209073066711, 0.9438583850860596, 0.9544963836669922, 0.9390441179275513], [0.9410338997840881, 0.9255460500717163, 0.9287116527557373, 0.9373472332954407, 1.0, 0.9260399341583252, 0.9383096694946289, 0.9378870129585266, 0.9491276741027832, 0.9447680711746216], [0.9642386436462402, 0.9550942182540894, 0.9304583668708801, 0.9420027136802673, 0.9260399341583252, 1.0, 0.9463756680488586, 0.9578462839126587, 0.9499689340591431, 0.9383593201637268], [0.9615223407745361, 0.9467988014221191, 0.956337034702301, 0.9446209073066711, 0.9383096694946289, 0.9463756680488586, 0.9999998807907104, 0.9560666084289551, 0.9608925580978394, 0.9511497616767883], [0.97559654712677, 0.946397066116333, 0.9586448669433594, 0.9438583850860596, 0.9378870129585266, 0.9578462839126587, 0.9560666084289551, 1.000000238418579, 0.9744206666946411, 0.9613006114959717], [0.9846054315567017, 0.9475911855697632, 0.9532199501991272, 0.9544963836669922, 0.9491276741027832, 0.9499689340591431, 0.9608925580978394, 0.9744206666946411, 1.0000001192092896, 0.9636234045028687], [0.9550415277481079, 0.9163371324539185, 0.9612370729446411, 0.9390441179275513, 0.9447680711746216, 0.9383593201637268, 0.9511497616767883, 0.9613006114959717, 0.9636234045028687, 0.9999997615814209]]}, {"round": 10, "client_ids": [0, 1, 2, 3, 4, 5, 6, 7, 8, 9], "matrix": [[1.0, 0.963797926902771, 0.9511195421218872, 0.9606662392616272, 0.9468260407447815, 0.9649295806884766, 0.9613391160964966, 0.9692261219024658, 0.9819644093513489, 0.9468812346458435], [0.963797926902771, 1.0000001192092896, 0.9320189952850342, 0.9412236213684082, 0.9416020512580872, 0.9686652421951294, 0.9509352445602417, 0.9464177489280701, 0.9527968168258667, 0.9184412360191345], [0.9511195421218872, 0.9320189952850342, 1.0, 0.945942223072052, 0.9395530819892883, 0.9401381015777588, 0.9556859731674194, 0.9544826745986938, 0.9541487097740173, 0.9608567953109741], [0.9606662392616272, 0.9412236213684082, 0.945942223072052, 0.9999998807907104, 0.9394413828849792, 0.9512894153594971, 0.951404869556427, 0.9459271430969238, 0.9592868089675903, 0.9392145872116089], [0.9468260407447815, 0.9416020512580872, 0.9395530819892883, 0.9394413828849792, 1.0000001192092896, 0.938873291015625, 0.9387234449386597, 0.940360426902771, 0.956324577331543, 0.9504244327545166], [0.9649295806884766, 0.9686652421951294, 0.9401381015777588, 0.9512894153594971, 0.938873291015625, 0.9999998211860657, 0.9478936195373535, 0.9587018489837646, 0.9565620422363281, 0.943591833114624], [0.9613391160964966, 0.9509352445602417, 0.9556859731674194, 0.951404869556427, 0.9387234449386597, 0.9478936195373535, 1.0000001192092896, 0.9553977847099304, 0.9633760452270508, 0.9458113312721252], [0.9692261219024658, 0.9464177489280701, 0.9544826745986938, 0.9459271430969238, 0.940360426902771, 0.9587018489837646, 0.9553977847099304, 0.9999998807907104, 0.9713053107261658, 0.9515507221221924], [0.9819644093513489, 0.9527968168258667, 0.9541487097740173, 0.9592868089675903, 0.956324577331543, 0.9565620422363281, 0.9633760452270508, 0.9713053107261658, 1.0, 0.9607742428779602], [0.9468812346458435, 0.9184412360191345, 0.9608567953109741, 0.9392145872116089, 0.9504244327545166, 0.943591833114624, 0.9458113312721252, 0.9515507221221924, 0.9607742428779602, 0.9999998807907104]]}, {"round": 11, "client_ids": [0, 1, 2, 3, 4, 5, 6, 7, 8, 9], "matrix": [[1.0, 0.9637019634246826, 0.9549286365509033, 0.9609372615814209, 0.9492789506912231, 0.9623534679412842, 0.9620840549468994, 0.9741772413253784, 0.9854683876037598, 0.9437226057052612], [0.9637019634246826, 1.0, 0.9403704404830933, 0.9527150392532349, 0.9382324814796448, 0.976178765296936, 0.9533497095108032, 0.955467700958252, 0.9582116603851318, 0.914374053478241], [0.9549286365509033, 0.9403704404830933, 1.0000001192092896, 0.9518980979919434, 0.9429564476013184, 0.9455578923225403, 0.9599254131317139, 0.9629236459732056, 0.9625595808029175, 0.957898736000061], [0.9609372615814209, 0.9527150392532349, 0.9518980979919434, 0.9999999403953552, 0.9420162439346313, 0.9554144144058228, 0.9589480757713318, 0.95372474193573, 0.9646260142326355, 0.9344204664230347], [0.9492789506912231, 0.9382324814796448, 0.9429564476013184, 0.9420162439346313, 1.0, 0.9437515139579773, 0.9396947622299194, 0.9433106184005737, 0.953292727470398, 0.9546588063240051], [0.9623534679412842, 0.976178765296936, 0.9455578923225403, 0.9554144144058228, 0.9437515139579773, 1.0000001192092896, 0.9557079076766968, 0.9634318351745605, 0.9528149366378784, 0.936651349067688], [0.9620840549468994, 0.9533497095108032, 0.9599254131317139, 0.9589480757713318, 0.9396947622299194, 0.9557079076766968, 0.9999998211860657, 0.964993953704834, 0.9662413597106934, 0.9405790567398071], [0.9741772413253784, 0.955467700958252, 0.9629236459732056, 0.95372474193573, 0.9433106184005737, 0.9634318351745605, 0.964993953704834, 1.0000001192092896, 0.9770441651344299, 0.9536490440368652], [0.9854683876037598, 0.9582116603851318, 0.9625595808029175, 0.9646260142326355, 0.953292727470398, 0.9528149366378784, 0.9662413597106934, 0.9770441651344299, 0.9999999403953552, 0.952303946018219], [0.9437226057052612, 0.914374053478241, 0.957898736000061, 0.9344204664230347, 0.9546588063240051, 0.936651349067688, 0.9405790567398071, 0.9536490440368652, 0.952303946018219, 1.0000001192092896]]}, {"round": 12, "client_ids": [0, 1, 2, 3, 4, 5, 6, 7, 8, 9], "matrix": [[1.0, 0.9666903018951416, 0.9514613151550293, 0.9633657932281494, 0.9491922855377197, 0.9637142419815063, 0.9633065462112427, 0.972419023513794, 0.9843306541442871, 0.9393804669380188], [0.9666903018951416, 0.9999999403953552, 0.9384111166000366, 0.9594274163246155, 0.9360564947128296, 0.9798966646194458, 0.9559350609779358, 0.9534847736358643, 0.9558395147323608, 0.9241002798080444], [0.9514613151550293, 0.9384111166000366, 1.0, 0.9557095766067505, 0.9391469359397888, 0.9510373473167419, 0.960010290145874, 0.9562481045722961, 0.9644588232040405, 0.9597218036651611], [0.9633657932281494, 0.9594274163246155, 0.9557095766067505, 1.0, 0.936362624168396, 0.9603886604309082, 0.9669271111488342, 0.9551541805267334, 0.9681116342544556, 0.941744327545166], [0.9491922855377197, 0.9360564947128296, 0.9391469359397888, 0.936362624168396, 1.000000238418579, 0.9477807283401489, 0.9372945427894592, 0.9408551454544067, 0.9572340250015259, 0.9515058994293213], [0.9637142419815063, 0.9798966646194458, 0.9510373473167419, 0.9603886604309082, 0.9477807283401489, 1.0000001192092896, 0.9610447883605957, 0.9616074562072754, 0.9560872316360474, 0.9449342489242554], [0.9633065462112427, 0.9559350609779358, 0.960010290145874, 0.9669271111488342, 0.9372945427894592, 0.9610447883605957, 1.0, 0.9630199670791626, 0.9656369686126709, 0.9501802921295166], [0.972419023513794, 0.9534847736358643, 0.9562481045722961, 0.9551541805267334, 0.9408551454544067, 0.9616074562072754, 0.9630199670791626, 1.0, 0.9736380577087402, 0.9610957503318787], [0.9843306541442871, 0.9558395147323608, 0.9644588232040405, 0.9681116342544556, 0.9572340250015259, 0.9560872316360474, 0.9656369686126709, 0.9736380577087402, 0.9999998807907104, 0.9581422805786133], [0.9393804669380188, 0.9241002798080444, 0.9597218036651611, 0.941744327545166, 0.9515058994293213, 0.9449342489242554, 0.9501802921295166, 0.9610957503318787, 0.9581422805786133, 1.0000001192092896]]}, {"round": 13, "client_ids": [0, 1, 2, 3, 4, 5, 6, 7, 8, 9], "matrix": [[1.0, 0.9665210247039795, 0.9551332592964172, 0.9639576077461243, 0.9585694670677185, 0.9642233848571777, 0.9628400802612305, 0.9746723175048828, 0.9850473403930664, 0.9427717328071594], [0.9665210247039795, 1.0000001192092896, 0.9455897808074951, 0.9577088356018066, 0.9525892734527588, 0.9857174754142761, 0.9602100253105164, 0.9601331949234009, 0.9556823372840881, 0.9331365823745728], [0.9551332592964172, 0.9455897808074951, 0.9999998807907104, 0.9609407186508179, 0.9488217830657959, 0.9577755928039551, 0.961349368095398, 0.9629216194152832, 0.9697972536087036, 0.9625714421272278], [0.9639576077461243, 0.9577088356018066, 0.9609407186508179, 1.0, 0.9419432878494263, 0.9603523015975952, 0.9674369692802429, 0.9575308561325073, 0.9687798023223877, 0.946557879447937], [0.9585694670677185, 0.9525892734527588, 0.9488217830657959, 0.9419432878494263, 0.9999999403953552, 0.9624882936477661, 0.945526123046875, 0.9510009288787842, 0.9646965265274048, 0.9537094235420227], [0.9642233848571777, 0.9857174754142761, 0.9577755928039551, 0.9603523015975952, 0.9624882936477661, 1.0, 0.9625134468078613, 0.9666659832000732, 0.9599176645278931, 0.9481668472290039], [0.9628400802612305, 0.9602100253105164, 0.961349368095398, 0.9674369692802429, 0.945526123046875, 0.9625134468078613, 1.0, 0.9660333395004272, 0.9653856754302979, 0.9500185251235962], [0.9746723175048828, 0.9601331949234009, 0.9629216194152832, 0.9575308561325073, 0.9510009288787842, 0.9666659832000732, 0.9660333395004272, 0.9999999403953552, 0.9770574569702148, 0.9689856767654419], [0.9850473403930664, 0.9556823372840881, 0.9697972536087036, 0.9687798023223877, 0.9646965265274048, 0.9599176645278931, 0.9653856754302979, 0.9770574569702148, 0.9999999403953552, 0.9648444056510925], [0.9427717328071594, 0.9331365823745728, 0.9625714421272278, 0.946557879447937, 0.9537094235420227, 0.9481668472290039, 0.9500185251235962, 0.9689856767654419, 0.9648444056510925, 1.0]]}, {"round": 14, "client_ids": [0, 1, 2, 3, 4, 5, 6, 7, 8, 9], "matrix": [[1.0, 0.9688887596130371, 0.965261697769165, 0.9652132391929626, 0.9459173679351807, 0.9686341285705566, 0.9635577201843262, 0.9752833843231201, 0.9889466762542725, 0.9459523558616638], [0.9688887596130371, 1.0, 0.9612775444984436, 0.9578731060028076, 0.9393652677536011, 0.9907519817352295, 0.9606554508209229, 0.9639107584953308, 0.9603251218795776, 0.9346624612808228], [0.965261697769165, 0.9612775444984436, 1.0, 0.9675722122192383, 0.941545844078064, 0.960351824760437, 0.9670066237449646, 0.9685301780700684, 0.9712953567504883, 0.9663543701171875], [0.9652132391929626, 0.9578731060028076, 0.9675722122192383, 1.0, 0.9307661056518555, 0.9547343254089355, 0.9701342582702637, 0.9572613835334778, 0.9698925614356995, 0.9448808431625366], [0.9459173679351807, 0.9393652677536011, 0.941545844078064, 0.9307661056518555, 1.0000001192092896, 0.94913250207901, 0.939983606338501, 0.9407728910446167, 0.9517172574996948, 0.9430233240127563], [0.9686341285705566, 0.9907519817352295, 0.960351824760437, 0.9547343254089355, 0.94913250207901, 1.0, 0.9565552473068237, 0.9680628776550293, 0.9653557538986206, 0.94548499584198], [0.9635577201843262, 0.9606554508209229, 0.9670066237449646, 0.9701342582702637, 0.939983606338501, 0.9565552473068237, 0.9999999403953552, 0.966191291809082, 0.9654984474182129, 0.9456229209899902], [0.9752833843231201, 0.9639107584953308, 0.9685301780700684, 0.9572613835334778, 0.9407728910446167, 0.9680628776550293, 0.966191291809082, 1.0, 0.9783037900924683, 0.9716464281082153], [0.9889466762542725, 0.9603251218795776, 0.9712953567504883, 0.9698925614356995, 0.9517172574996948, 0.9653557538986206, 0.9654984474182129, 0.9783037900924683, 0.9999998807907104, 0.9599129557609558], [0.9459523558616638, 0.9346624612808228, 0.9663543701171875, 0.9448808431625366, 0.9430233240127563, 0.94548499584198, 0.9456229209899902, 0.9716464281082153, 0.9599129557609558, 0.9999998807907104]]}, {"round": 15, "client_ids": [0, 1, 2, 3, 4, 5, 6, 7, 8, 9], "matrix": [[1.0, 0.9681854248046875, 0.9700396060943604, 0.9690855741500854, 0.9550176858901978, 0.9722203016281128, 0.967703104019165, 0.9796501398086548, 0.9916279315948486, 0.9658025503158569], [0.9681854248046875, 1.0000001192092896, 0.9595892429351807, 0.9536067247390747, 0.9463969469070435, 0.9906634092330933, 0.9571366310119629, 0.9604501128196716, 0.9631438255310059, 0.9508999586105347], [0.9700396060943604, 0.9595892429351807, 1.0, 0.9704556465148926, 0.9421505331993103, 0.9624003767967224, 0.9697771072387695, 0.969611406326294, 0.9742408990859985, 0.9739826917648315], [0.9690855741500854, 0.9536067247390747, 0.9704556465148926, 1.0, 0.9330683350563049, 0.9554103016853333, 0.9756951332092285, 0.9609496593475342, 0.9708458185195923, 0.9592907428741455], [0.9550176858901978, 0.9463969469070435, 0.9421505331993103, 0.9330683350563049, 1.000000238418579, 0.9496237635612488, 0.9457069635391235, 0.9488857984542847, 0.9534144401550293, 0.9459272027015686], [0.9722203016281128, 0.9906634092330933, 0.9624003767967224, 0.9554103016853333, 0.9496237635612488, 0.9999999403953552, 0.9541716575622559, 0.9659627079963684, 0.9690250158309937, 0.9592553973197937], [0.967703104019165, 0.9571366310119629, 0.9697771072387695, 0.9756951332092285, 0.9457069635391235, 0.9541716575622559, 1.0, 0.9690879583358765, 0.9657875299453735, 0.9563921689987183], [0.9796501398086548, 0.9604501128196716, 0.969611406326294, 0.9609496593475342, 0.9488857984542847, 0.9659627079963684, 0.9690879583358765, 0.9999998807907104, 0.9830326437950134, 0.9798218011856079], [0.9916279315948486, 0.9631438255310059, 0.9742408990859985, 0.9708458185195923, 0.9534144401550293, 0.9690250158309937, 0.9657875299453735, 0.9830326437950134, 1.0000001192092896, 0.9726380109786987], [0.9658025503158569, 0.9508999586105347, 0.9739826917648315, 0.9592907428741455, 0.9459272027015686, 0.9592553973197937, 0.9563921689987183, 0.9798218011856079, 0.9726380109786987, 1.0]]}, {"round": 16, "client_ids": [0, 1, 2, 3, 4, 5, 6, 7, 8, 9], "matrix": [[1.0, 0.9709699749946594, 0.969211220741272, 0.967987060546875, 0.9550173878669739, 0.9733432531356812, 0.9676624536514282, 0.981338620185852, 0.99277663230896, 0.9664725065231323], [0.9709699749946594, 1.0, 0.966293215751648, 0.9602092504501343, 0.9504060745239258, 0.9898450970649719, 0.961211621761322, 0.96730637550354, 0.9681005477905273, 0.9606941342353821], [0.969211220741272, 0.966293215751648, 0.9999998807907104, 0.9718737602233887, 0.9493635892868042, 0.9635694026947021, 0.9708465933799744, 0.9708385467529297, 0.9742041826248169, 0.9774320125579834], [0.967987060546875, 0.9602092504501343, 0.9718737602233887, 1.0, 0.9391326904296875, 0.9646542072296143, 0.974785327911377, 0.9634557962417603, 0.9735366702079773, 0.9634577035903931], [0.9550173878669739, 0.9504060745239258, 0.9493635892868042, 0.9391326904296875, 1.0, 0.9598948955535889, 0.9456120729446411, 0.9504534006118774, 0.9573620557785034, 0.9451765418052673], [0.9733432531356812, 0.9898450970649719, 0.9635694026947021, 0.9646542072296143, 0.9598948955535889, 0.9999998807907104, 0.9585815072059631, 0.9750504493713379, 0.9740084409713745, 0.96294105052948], [0.9676624536514282, 0.961211621761322, 0.9708465933799744, 0.974785327911377, 0.9456120729446411, 0.9585815072059631, 0.9999999403953552, 0.9692060947418213, 0.9678143262863159, 0.9580190181732178], [0.981338620185852, 0.96730637550354, 0.9708385467529297, 0.9634557962417603, 0.9504534006118774, 0.9750504493713379, 0.9692060947418213, 1.0, 0.9842772483825684, 0.9764337539672852], [0.99277663230896, 0.9681005477905273, 0.9742041826248169, 0.9735366702079773, 0.9573620557785034, 0.9740084409713745, 0.9678143262863159, 0.9842772483825684, 0.9999999403953552, 0.97528076171875], [0.9664725065231323, 0.9606941342353821, 0.9774320125579834, 0.9634577035903931, 0.9451765418052673, 0.96294105052948, 0.9580190181732178, 0.9764337539672852, 0.97528076171875, 1.0]]}, {"round": 17, "client_ids": [0, 1, 2, 3, 4, 5, 6, 7, 8, 9], "matrix": [[1.0, 0.9691224098205566, 0.9642246961593628, 0.9684385061264038, 0.9529315233230591, 0.9751423597335815, 0.9694758057594299, 0.9839065074920654, 0.9939628839492798, 0.9701303243637085], [0.9691224098205566, 0.9999998807907104, 0.9666620492935181, 0.9627285003662109, 0.9492255449295044, 0.9854936003684998, 0.9614834189414978, 0.9640247225761414, 0.9687483906745911, 0.9645775556564331], [0.9642246961593628, 0.9666620492935181, 1.0, 0.9696003198623657, 0.9434694647789001, 0.9619373083114624, 0.9674789905548096, 0.9647178649902344, 0.9699137210845947, 0.9755069017410278], [0.9684385061264038, 0.9627285003662109, 0.9696003198623657, 1.0, 0.9330074191093445, 0.9622411727905273, 0.9739047288894653, 0.9618384838104248, 0.9729796648025513, 0.964012622833252], [0.9529315233230591, 0.9492255449295044, 0.9434694647789001, 0.9330074191093445, 0.9999998807907104, 0.9573584794998169, 0.9508936405181885, 0.9505910873413086, 0.9535043835639954, 0.9447966814041138], [0.9751423597335815, 0.9854936003684998, 0.9619373083114624, 0.9622411727905273, 0.9573584794998169, 1.0, 0.96433424949646, 0.977283775806427, 0.9755242466926575, 0.9674956798553467], [0.9694758057594299, 0.9614834189414978, 0.9674789905548096, 0.9739047288894653, 0.9508936405181885, 0.96433424949646, 1.0, 0.9711825847625732, 0.9669290781021118, 0.9617338180541992], [0.9839065074920654, 0.9640247225761414, 0.9647178649902344, 0.9618384838104248, 0.9505910873413086, 0.977283775806427, 0.9711825847625732, 1.0, 0.9829248785972595, 0.9772324562072754], [0.9939628839492798, 0.9687483906745911, 0.9699137210845947, 0.9729796648025513, 0.9535043835639954, 0.9755242466926575, 0.9669290781021118, 0.9829248785972595, 1.0000001192092896, 0.9753615856170654], [0.9701303243637085, 0.9645775556564331, 0.9755069017410278, 0.964012622833252, 0.9447966814041138, 0.9674956798553467, 0.9617338180541992, 0.9772324562072754, 0.9753615856170654, 1.0000001192092896]]}, {"round": 18, "client_ids": [0, 1, 2, 3, 4, 5, 6, 7, 8, 9], "matrix": [[0.9999999403953552, 0.9727722406387329, 0.9634428024291992, 0.9710342884063721, 0.9586766958236694, 0.9782024621963501, 0.9721826314926147, 0.9892701506614685, 0.9945257306098938, 0.9707092046737671], [0.9727722406387329, 1.0, 0.9687361717224121, 0.9711541533470154, 0.9521646499633789, 0.9865227937698364, 0.9719300270080566, 0.9694277048110962, 0.9702191352844238, 0.9640970230102539], [0.9634428024291992, 0.9687361717224121, 1.000000238418579, 0.9672969579696655, 0.9460347890853882, 0.9648503065109253, 0.9648436307907104, 0.9631065130233765, 0.9674153327941895, 0.9751213788986206], [0.9710342884063721, 0.9711541533470154, 0.9672969579696655, 1.0, 0.9474483728408813, 0.9677292108535767, 0.9736179709434509, 0.9626016616821289, 0.9722594022750854, 0.9605909585952759], [0.9586766958236694, 0.9521646499633789, 0.9460347890853882, 0.9474483728408813, 1.0, 0.9605016112327576, 0.95402991771698, 0.9595516920089722, 0.9567949771881104, 0.9508136510848999], [0.9782024621963501, 0.9865227937698364, 0.9648503065109253, 0.9677292108535767, 0.9605016112327576, 0.9999999403953552, 0.9711312651634216, 0.9807648658752441, 0.9744101762771606, 0.9673634767532349], [0.9721826314926147, 0.9719300270080566, 0.9648436307907104, 0.9736179709434509, 0.95402991771698, 0.9711312651634216, 1.0, 0.9731134176254272, 0.9668228626251221, 0.9618500471115112], [0.9892701506614685, 0.9694277048110962, 0.9631065130233765, 0.9626016616821289, 0.9595516920089722, 0.9807648658752441, 0.9731134176254272, 1.0, 0.9846164584159851, 0.9752007722854614], [0.9945257306098938, 0.9702191352844238, 0.9674153327941895, 0.9722594022750854, 0.9567949771881104, 0.9744101762771606, 0.9668228626251221, 0.9846164584159851, 1.0, 0.9708869457244873], [0.9707092046737671, 0.9640970230102539, 0.9751213788986206, 0.9605909585952759, 0.9508136510848999, 0.9673634767532349, 0.9618500471115112, 0.9752007722854614, 0.9708869457244873, 0.9999998211860657]]}, {"round": 19, "client_ids": [0, 1, 2, 3, 4, 5, 6, 7, 8, 9], "matrix": [[1.0, 0.972975492477417, 0.9642437696456909, 0.9726959466934204, 0.9568190574645996, 0.9771103858947754, 0.9736398458480835, 0.9910027980804443, 0.994722843170166, 0.964780330657959], [0.972975492477417, 0.9999999403953552, 0.9673850536346436, 0.974204421043396, 0.9550999999046326, 0.9879622459411621, 0.9740689992904663, 0.9717719554901123, 0.9718105792999268, 0.9581519365310669], [0.9642437696456909, 0.9673850536346436, 1.0000001192092896, 0.9689499139785767, 0.9452580213546753, 0.9614783525466919, 0.9660364389419556, 0.9664233326911926, 0.9679346084594727, 0.9701430797576904], [0.9726959466934204, 0.974204421043396, 0.9689499139785767, 1.0000001192092896, 0.9502385258674622, 0.9690501689910889, 0.9757859706878662, 0.9686609506607056, 0.9738522171974182, 0.9530282020568848], [0.9568190574645996, 0.9550999999046326, 0.9452580213546753, 0.9502385258674622, 0.9999998807907104, 0.9587883353233337, 0.955130934715271, 0.9591369032859802, 0.9552092552185059, 0.9365524053573608], [0.9771103858947754, 0.9879622459411621, 0.9614783525466919, 0.9690501689910889, 0.9587883353233337, 1.0, 0.9703198671340942, 0.9797555208206177, 0.9735472202301025, 0.9567798376083374], [0.9736398458480835, 0.9740689992904663, 0.9660364389419556, 0.9757859706878662, 0.955130934715271, 0.9703198671340942, 1.0, 0.9756679534912109, 0.9711116552352905, 0.9558744430541992], [0.9910027980804443, 0.9717719554901123, 0.9664233326911926, 0.9686609506607056, 0.9591369032859802, 0.9797555208206177, 0.9756679534912109, 1.0, 0.9872324466705322, 0.972525954246521], [0.994722843170166, 0.9718105792999268, 0.9679346084594727, 0.9738522171974182, 0.9552092552185059, 0.9735472202301025, 0.9711116552352905, 0.9872324466705322, 0.9999999403953552, 0.9672427177429199], [0.964780330657959, 0.9581519365310669, 0.9701430797576904, 0.9530282020568848, 0.9365524053573608, 0.9567798376083374, 0.9558744430541992, 0.972525954246521, 0.9672427177429199, 0.9999997615814209]]}, {"round": 20, "client_ids": [0, 1, 2, 3, 4, 5, 6, 7, 8, 9], "matrix": [[0.9999998807907104, 0.9737208485603333, 0.9586667418479919, 0.9729223251342773, 0.9539988040924072, 0.97191321849823, 0.973654568195343, 0.9900294542312622, 0.9932093620300293, 0.9690998196601868], [0.9737208485603333, 0.9999998211860657, 0.9661725759506226, 0.9790546298027039, 0.9556066393852234, 0.9915514588356018, 0.9748354554176331, 0.9738503694534302, 0.9737662076950073, 0.9626041054725647], [0.9586667418479919, 0.9661725759506226, 0.9999999403953552, 0.971070408821106, 0.9480931162834167, 0.9598698616027832, 0.9647269248962402, 0.9669582843780518, 0.9651968479156494, 0.9692230820655823], [0.9729223251342773, 0.9790546298027039, 0.971070408821106, 1.0, 0.9564490914344788, 0.9759483337402344, 0.9786937236785889, 0.9711617231369019, 0.9762515425682068, 0.9587240219116211], [0.9539988040924072, 0.9556066393852234, 0.9480931162834167, 0.9564490914344788, 0.9999998807907104, 0.9595197439193726, 0.9563772082328796, 0.9598197937011719, 0.9561755657196045, 0.9417847394943237], [0.97191321849823, 0.9915514588356018, 0.9598698616027832, 0.9759483337402344, 0.9595197439193726, 1.0, 0.9689533114433289, 0.9748238325119019, 0.9706388711929321, 0.9575629830360413], [0.973654568195343, 0.9748354554176331, 0.9647269248962402, 0.9786937236785889, 0.9563772082328796, 0.9689533114433289, 1.0, 0.9757118821144104, 0.9729410409927368, 0.9569437503814697], [0.9900294542312622, 0.9738503694534302, 0.9669582843780518, 0.9711617231369019, 0.9598197937011719, 0.9748238325119019, 0.9757118821144104, 1.0, 0.9882868528366089, 0.9783819913864136], [0.993209