{"dataset": ["BZR"], "num_clients": 20, "total_rounds_recorded": 100, "history": [{"round": 1, "client_ids": [0, 1, 2, 3, 4, 5, 6, 7, 8, 9, 10, 11, 12, 13, 14, 15, 16, 17, 18, 19], "matrix": [[1.0000001192092896, 0.4483094811439514, 0.5143648982048035, 0.3842910826206207, 0.51905757188797, 0.4380769431591034, 0.4985714256763458, 0.49503472447395325, 0.5106272101402283, 0.41099825501441956, 0.44376710057258606, 0.5227733254432678, 0.5253278613090515, 0.4018533527851105, 0.3846668004989624, 0.4173014163970947, 0.3768451511859894, 0.33287110924720764, 0.4035989046096802, 0.37133389711380005], [0.4483094811439514, 0.9999997615814209, 0.4878292381763458, 0.38976141810417175, 0.5401865839958191, 0.620725154876709, 0.5037593245506287, 0.49661216139793396, 0.3702070415019989, 0.4768511652946472, 0.4461382031440735, 0.4544588029384613, 0.3605083227157593, 0.30283963680267334, 0.6067390441894531, 0.43314486742019653, 0.4566795527935028, 0.6437805891036987, 0.470646470785141, 0.43664321303367615], [0.5143648982048035, 0.4878292381763458, 1.0, 0.44629350304603577, 0.46749168634414673, 0.4422520399093628, 0.32515695691108704, 0.49098318815231323, 0.48811429738998413, 0.44999754428863525, 0.42295607924461365, 0.3233400583267212, 0.4517154395580292, 0.6230617165565491, 0.4503469467163086, 0.4089682102203369, 0.5570717453956604, 0.43855881690979004, 0.33431580662727356, 0.5365824103355408], [0.3842910826206207, 0.38976141810417175, 0.44629350304603577, 1.000000238418579, 0.3933699429035187, 0.4222637116909027, 0.5018185973167419, 0.4696027934551239, 0.5048989057540894, 0.4980660080909729, 0.48515793681144714, 0.30490100383758545, 0.44965967535972595, 0.4148416519165039, 0.42958253622055054, 0.3816350996494293, 0.41350311040878296, 0.4210531413555145, 0.4290587902069092, 0.5272698998451233], [0.51905757188797, 0.5401865839958191, 0.46749168634414673, 0.3933699429035187, 1.0, 0.3619624674320221, 0.46432068943977356, 0.41573023796081543, 0.4698297083377838, 0.40431317687034607, 0.46333083510398865, 0.41935473680496216, 0.46758031845092773, 0.4525618255138397, 0.29394954442977905, 0.47399356961250305, 0.3808690309524536, 0.4623812139034271, 0.3885266184806824, 0.43520262837409973], [0.4380769431591034, 0.620725154876709, 0.4422520399093628, 0.4222637116909027, 0.3619624674320221, 1.0000001192092896, 0.37134742736816406, 0.4947439730167389, 0.38822078704833984, 0.43705829977989197, 0.5164312720298767, 0.4140107333660126, 0.36352118849754333, 0.39173537492752075, 0.5415759682655334, 0.4539773464202881, 0.525605320930481, 0.5885862112045288, 0.38988882303237915, 0.4573233127593994], [0.4985714256763458, 0.5037593245506287, 0.32515695691108704, 0.5018185973167419, 0.46432068943977356, 0.37134742736816406, 0.9999998807907104, 0.5115721225738525, 0.42580947279930115, 0.43629077076911926, 0.45207685232162476, 0.5093491077423096, 0.36778420209884644, 0.3481004536151886, 0.4006473124027252, 0.47226423025131226, 0.42190882563591003, 0.42964431643486023, 0.4948675334453583, 0.5276864767074585], [0.49503472447395325, 0.49661216139793396, 0.49098318815231323, 0.4696027934551239, 0.41573023796081543, 0.4947439730167389, 0.5115721225738525, 1.000000238418579, 0.44343703985214233, 0.36930927634239197, 0.402384489774704, 0.4571506977081299, 0.4213266670703888, 0.42771998047828674, 0.46410685777664185, 0.44422754645347595, 0.5712522864341736, 0.4388296604156494, 0.34598755836486816, 0.5336615443229675], [0.5106272101402283, 0.3702070415019989, 0.48811429738998413, 0.5048989057540894, 0.4698297083377838, 0.38822078704833984, 0.42580947279930115, 0.44343703985214233, 1.000000238418579, 0.5020782351493835, 0.4356296956539154, 0.4376514256000519, 0.44430285692214966, 0.465366929769516, 0.37817883491516113, 0.4353586733341217, 0.4655875563621521, 0.4514749348163605, 0.43410784006118774, 0.4975399076938629], [0.41099825501441956, 0.4768511652946472, 0.44999754428863525, 0.4980660080909729, 0.40431317687034607, 0.43705829977989197, 0.43629077076911926, 0.36930927634239197, 0.5020782351493835, 0.9999999403953552, 0.49923428893089294, 0.404797226190567, 0.3624921441078186, 0.4927528202533722, 0.394999235868454, 0.3680998384952545, 0.43527039885520935, 0.36205264925956726, 0.42286354303359985, 0.3684904873371124], [0.44376710057258606, 0.4461382031440735, 0.42295607924461365, 0.48515793681144714, 0.46333083510398865, 0.5164312720298767, 0.45207685232162476, 0.402384489774704, 0.4356296956539154, 0.49923428893089294, 1.0, 0.5216763019561768, 0.3734693229198456, 0.5197516679763794, 0.4952513575553894, 0.3158501088619232, 0.5069639682769775, 0.4452841281890869, 0.47588106989860535, 0.5294155478477478], [0.5227733254432678, 0.4544588029384613, 0.3233400583267212, 0.30490100383758545, 0.41935473680496216, 0.4140107333660126, 0.5093491077423096, 0.4571506977081299, 0.4376514256000519, 0.404797226190567, 0.5216763019561768, 1.0000001192092896, 0.32264164090156555, 0.4117485284805298, 0.36958667635917664, 0.36304470896720886, 0.5221955180168152, 0.3223383128643036, 0.45834997296333313, 0.3860671818256378], [0.5253278613090515, 0.3605083227157593, 0.4517154395580292, 0.44965967535972595, 0.46758031845092773, 0.36352118849754333, 0.36778420209884644, 0.4213266670703888, 0.44430285692214966, 0.3624921441078186, 0.3734693229198456, 0.32264164090156555, 0.9999999403953552, 0.48975613713264465, 0.22502431273460388, 0.40226253867149353, 0.3537790775299072, 0.4038052260875702, 0.33569493889808655, 0.42181748151779175], [0.4018533527851105, 0.30283963680267334, 0.6230617165565491, 0.4148416519165039, 0.4525618255138397, 0.39173537492752075, 0.3481004536151886, 0.42771998047828674, 0.465366929769516, 0.4927528202533722, 0.5197516679763794, 0.4117485284805298, 0.48975613713264465, 0.9999999403953552, 0.271897554397583, 0.39921441674232483, 0.5908516645431519, 0.4562566876411438, 0.4083535969257355, 0.5118584632873535], [0.3846668004989624, 0.6067390441894531, 0.4503469467163086, 0.42958253622055054, 0.29394954442977905, 0.5415759682655334, 0.4006473124027252, 0.46410685777664185, 0.37817883491516113, 0.394999235868454, 0.4952513575553894, 0.36958667635917664, 0.22502431273460388, 0.271897554397583, 0.9999997019767761, 0.38583359122276306, 0.5054928660392761, 0.4794458746910095, 0.513983964920044, 0.42105114459991455], [0.4173014163970947, 0.43314486742019653, 0.4089682102203369, 0.3816350996494293, 0.47399356961250305, 0.4539773464202881, 0.47226423025131226, 0.44422754645347595, 0.4353586733341217, 0.3680998384952545, 0.3158501088619232, 0.36304470896720886, 0.40226253867149353, 0.39921441674232483, 0.38583359122276306, 0.9999999403953552, 0.3535813093185425, 0.486002653837204, 0.39549803733825684, 0.5373520851135254], [0.3768451511859894, 0.4566795527935028, 0.5570717453956604, 0.41350311040878296, 0.3808690309524536, 0.525605320930481, 0.42190882563591003, 0.5712522864341736, 0.4655875563621521, 0.43527039885520935, 0.5069639682769775, 0.5221955180168152, 0.3537790775299072, 0.5908516645431519, 0.5054928660392761, 0.3535813093185425, 1.0, 0.4482712745666504, 0.40918129682540894, 0.484473317861557], [0.33287110924720764, 0.6437805891036987, 0.43855881690979004, 0.4210531413555145, 0.4623812139034271, 0.5885862112045288, 0.42964431643486023, 0.4388296604156494, 0.4514749348163605, 0.36205264925956726, 0.4452841281890869, 0.3223383128643036, 0.4038052260875702, 0.4562566876411438, 0.4794458746910095, 0.486002653837204, 0.4482712745666504, 1.0000001192092896, 0.42004984617233276, 0.45588624477386475], [0.4035989046096802, 0.470646470785141, 0.33431580662727356, 0.4290587902069092, 0.3885266184806824, 0.38988882303237915, 0.4948675334453583, 0.34598755836486816, 0.43410784006118774, 0.42286354303359985, 0.47588106989860535, 0.45834997296333313, 0.33569493889808655, 0.4083535969257355, 0.513983964920044, 0.39549803733825684, 0.40918129682540894, 0.42004984617233276, 0.9999998211860657, 0.39774051308631897], [0.37133389711380005, 0.43664321303367615, 0.5365824103355408, 0.5272698998451233, 0.43520262837409973, 0.4573233127593994, 0.5276864767074585, 0.5336615443229675, 0.4975399076938629, 0.3684904873371124, 0.5294155478477478, 0.3860671818256378, 0.42181748151779175, 0.5118584632873535, 0.42105114459991455, 0.5373520851135254, 0.484473317861557, 0.45588624477386475, 0.39774051308631897, 0.9999999403953552]]}, {"round": 2, "client_ids": [0, 1, 2, 3, 4, 5, 6, 7, 8, 9, 10, 11, 12, 13, 14, 15, 16, 17, 18, 19], "matrix": [[1.0000001192092896, 0.9956969618797302, 0.9960075616836548, 0.9969786405563354, 0.9974448084831238, 0.9975618720054626, 0.9974081516265869, 0.9960781335830688, 0.9978638887405396, 0.9973320960998535, 0.9978664517402649, 0.9969295859336853, 0.9984187483787537, 0.996146559715271, 0.997229278087616, 0.9977613091468811, 0.998277485370636, 0.996585488319397, 0.9967430233955383, 0.9980111122131348], [0.9956969618797302, 0.9999999403953552, 0.9966038465499878, 0.9961311221122742, 0.9966702461242676, 0.9976011514663696, 0.9919512867927551, 0.9901352524757385, 0.994324803352356, 0.9956051707267761, 0.9952990412712097, 0.9913831949234009, 0.994769811630249, 0.9956144690513611, 0.9945962429046631, 0.9934497475624084, 0.9946087002754211, 0.9942166805267334, 0.996399462223053, 0.9966629147529602], [0.9960075616836548, 0.9966038465499878, 1.0000001192092896, 0.9961296916007996, 0.9971630573272705, 0.9964017271995544, 0.9927657246589661, 0.9919958710670471, 0.9947590231895447, 0.9960598349571228, 0.9965516328811646, 0.9914159178733826, 0.9966389536857605, 0.996809184551239, 0.9945093393325806, 0.9960403442382812, 0.9945550560951233, 0.9949100017547607, 0.9977045059204102, 0.9970417022705078], [0.9969786405563354, 0.9961311221122742, 0.9961296916007996, 0.9999998211860657, 0.9972593188285828, 0.9969700574874878, 0.9960400462150574, 0.9948245286941528, 0.9960387349128723, 0.9973127245903015, 0.9971230030059814, 0.9946509003639221, 0.9974400997161865, 0.9953077435493469, 0.9965004324913025, 0.9975916147232056, 0.9963294267654419, 0.9959354400634766, 0.9969007968902588, 0.9961382746696472], [0.9974448084831238, 0.9966702461242676, 0.9971630573272705, 0.9972593188285828, 0.9999999403953552, 0.9966001510620117, 0.9946534037590027, 0.99330073595047, 0.9961119294166565, 0.9958769679069519, 0.995721697807312, 0.9936805367469788, 0.997133731842041, 0.9966428875923157, 0.9969789981842041, 0.9963634610176086, 0.9963160157203674, 0.9957109689712524, 0.9973205327987671, 0.9979270696640015], [0.9975618720054626, 0.9976011514663696, 0.9964017271995544, 0.9969700574874878, 0.9966001510620117, 0.9999999403953552, 0.9942994117736816, 0.9934874176979065, 0.9954748749732971, 0.9969798922538757, 0.9961426258087158, 0.9939946532249451, 0.9967560768127441, 0.9960294365882874, 0.9960325956344604, 0.9955361485481262, 0.9959747195243835, 0.9951058626174927, 0.9975218772888184, 0.9966748356819153], [0.9974081516265869, 0.9919512867927551, 0.9927657246589661, 0.9960400462150574, 0.9946534037590027, 0.9942994117736816, 0.9999998211860657, 0.9981188178062439, 0.9973607659339905, 0.996971070766449, 0.9960847496986389, 0.9982132315635681, 0.9973850846290588, 0.9937497973442078, 0.9977835416793823, 0.9961910247802734, 0.9980788826942444, 0.9970796704292297, 0.9948094487190247, 0.9953904747962952], [0.9960781335830688, 0.9901352524757385, 0.9919958710670471, 0.9948245286941528, 0.99330073595047, 0.9934874176979065, 0.9981188178062439, 1.0, 0.996380090713501, 0.996353805065155, 0.9951491951942444, 0.9972259998321533, 0.9952513575553894, 0.9922886490821838, 0.9970225095748901, 0.99477219581604, 0.9969807267189026, 0.9971326589584351, 0.993299126625061, 0.9937760829925537], [0.9978638887405396, 0.994324803352356, 0.9947590231895447, 0.9960387349128723, 0.9961119294166565, 0.9954748749732971, 0.9973607659339905, 0.996380090713501, 1.0000001192092896, 0.996882975101471, 0.9963901042938232, 0.9969764947891235, 0.9971134662628174, 0.9934213757514954, 0.9975273609161377, 0.9964534640312195, 0.9971046447753906, 0.9966773986816406, 0.9966309070587158, 0.9967839121818542], [0.9973320960998535, 0.9956051707267761, 0.9960598349571228, 0.9973127245903015, 0.9958769679069519, 0.9969798922538757, 0.996971070766449, 0.996353805065155, 0.996882975101471, 1.0, 0.9966239929199219, 0.9960843324661255, 0.996687114238739, 0.9955991506576538, 0.9967045783996582, 0.9968959093093872, 0.9967387914657593, 0.9955646991729736, 0.9959733486175537, 0.9959779381752014], [0.9978664517402649, 0.9952990412712097, 0.9965516328811646, 0.9971230030059814, 0.995721697807312, 0.9961426258087158, 0.9960847496986389, 0.9951491951942444, 0.9963901042938232, 0.9966239929199219, 1.0000003576278687, 0.9948931932449341, 0.9969571828842163, 0.9949913024902344, 0.995715320110321, 0.9965009093284607, 0.9973087906837463, 0.9961507320404053, 0.9961440563201904, 0.9972923994064331], [0.9969295859336853, 0.9913831949234009, 0.9914159178733826, 0.9946509003639221, 0.9936805367469788, 0.9939946532249451, 0.9982132315635681, 0.9972259998321533, 0.9969764947891235, 0.9960843324661255, 0.9948931932449341, 1.0000001192092896, 0.995686411857605, 0.9918404221534729, 0.9970452785491943, 0.994722843170166, 0.997538149356842, 0.9966127872467041, 0.9941028952598572, 0.9944950938224792], [0.9984187483787537, 0.994769811630249, 0.9966389536857605, 0.9974400997161865, 0.997133731842041, 0.9967560768127441, 0.9973850846290588, 0.9952513575553894, 0.9971134662628174, 0.996687114238739, 0.9969571828842163, 0.995686411857605, 1.0, 0.9962256550788879, 0.9969037771224976, 0.9975961446762085, 0.9967566728591919, 0.9962694048881531, 0.9976880550384521, 0.9974740743637085], [0.996146559715271, 0.9956144690513611, 0.996809184551239, 0.9953077435493469, 0.9966428875923157, 0.9960294365882874, 0.9937497973442078, 0.9922886490821838, 0.9934213757514954, 0.9955991506576538, 0.9949913024902344, 0.9918404221534729, 0.9962256550788879, 0.9999998807907104, 0.9941490888595581, 0.9949038028717041, 0.9947454929351807, 0.9941200017929077, 0.9959105253219604, 0.9969967007637024], [0.997229278087616, 0.9945962429046631, 0.9945093393325806, 0.9965004324913025, 0.9969789981842041, 0.9960325956344604, 0.9977835416793823, 0.9970225095748901, 0.9975273609161377, 0.9967045783996582, 0.995715320110321, 0.9970452785491943, 0.9969037771224976, 0.9941490888595581, 0.9999999403953552, 0.9959279298782349, 0.9976829886436462, 0.9981891512870789, 0.9962431788444519, 0.9963556528091431], [0.9977613091468811, 0.9934497475624084, 0.9960403442382812, 0.9975916147232056, 0.9963634610176086, 0.9955361485481262, 0.9961910247802734, 0.99477219581604, 0.9964534640312195, 0.9968959093093872, 0.9965009093284607, 0.994722843170166, 0.9975961446762085, 0.9949038028717041, 0.9959279298782349, 0.9999998807907104, 0.9956771731376648, 0.9948230385780334, 0.9957507252693176, 0.9962174892425537], [0.998277485370636, 0.9946087002754211, 0.9945550560951233, 0.9963294267654419, 0.9963160157203674, 0.9959747195243835, 0.9980788826942444, 0.9969807267189026, 0.9971046447753906, 0.9967387914657593, 0.9973087906837463, 0.997538149356842, 0.9967566728591919, 0.9947454929351807, 0.9976829886436462, 0.9956771731376648, 1.0000001192092896, 0.9968238472938538, 0.9958022236824036, 0.9965944290161133], [0.996585488319397, 0.9942166805267334, 0.9949100017547607, 0.9959354400634766, 0.9957109689712524, 0.9951058626174927, 0.9970796704292297, 0.9971326589584351, 0.9966773986816406, 0.9955646991729736, 0.9961507320404053, 0.9966127872467041, 0.9962694048881531, 0.9941200017929077, 0.9981891512870789, 0.9948230385780334, 0.9968238472938538, 1.0, 0.9962034821510315, 0.9961339235305786], [0.9967430233955383, 0.996399462223053, 0.9977045059204102, 0.9969007968902588, 0.9973205327987671, 0.9975218772888184, 0.9948094487190247, 0.993299126625061, 0.9966309070587158, 0.9959733486175537, 0.9961440563201904, 0.9941028952598572, 0.9976880550384521, 0.9959105253219604, 0.9962431788444519, 0.9957507252693176, 0.9958022236824036, 0.9962034821510315, 1.0, 0.9970039129257202], [0.9980111122131348, 0.9966629147529602, 0.9970417022705078, 0.9961382746696472, 0.9979270696640015, 0.9966748356819153, 0.9953904747962952, 0.9937760829925537, 0.9967839121818542, 0.9959779381752014, 0.9972923994064331, 0.9944950938224792, 0.9974740743637085, 0.9969967007637024, 0.9963556528091431, 0.9962174892425537, 0.9965944290161133, 0.9961339235305786, 0.9970039129257202, 0.9999999403953552]]}, {"round": 3, "client_ids": [0, 1, 2, 3, 4, 5, 6, 7, 8, 9, 10, 11, 12, 13, 14, 15, 16, 17, 18, 19], "matrix": [[0.9999998211860657, 0.9954875111579895, 0.9969081282615662, 0.996403694152832, 0.9977156519889832, 0.9950183033943176, 0.9953331351280212, 0.9959918260574341, 0.9978741407394409, 0.9954662919044495, 0.9968942999839783, 0.9964288473129272, 0.9976727366447449, 0.9966649413108826, 0.995323896408081, 0.9955012202262878, 0.9974507093429565, 0.998054027557373, 0.996961236000061, 0.9974289536476135], [0.9954875111579895, 0.9999997615814209, 0.9958710074424744, 0.9951340556144714, 0.9957883954048157, 0.9938409924507141, 0.9902434349060059, 0.9930933713912964, 0.9956606030464172, 0.9932543635368347, 0.9947632551193237, 0.992058515548706, 0.9944702386856079, 0.9954971075057983, 0.9953416585922241, 0.994157612323761, 0.9944814443588257, 0.9957426190376282, 0.995103657245636, 0.9950234293937683], [0.9969081282615662, 0.9958710074424744, 0.9999997615814209, 0.9955105781555176, 0.9967883229255676, 0.993992805480957, 0.9923601150512695, 0.9944863319396973, 0.9974343180656433, 0.9941286444664001, 0.9966322779655457, 0.9935157895088196, 0.996280312538147, 0.9950430989265442, 0.9942355751991272, 0.9944158792495728, 0.9961332678794861, 0.9959841370582581, 0.996518611907959, 0.9968305826187134], [0.996403694152832, 0.9951340556144714, 0.9955105781555176, 0.9999999403953552, 0.9968519806861877, 0.9958507418632507, 0.9966621398925781, 0.9961217045783997, 0.9973792433738708, 0.9975577592849731, 0.9968470931053162, 0.9969631433486938, 0.9972454905509949, 0.9948846101760864, 0.9968595504760742, 0.995690643787384, 0.9968866109848022, 0.9980387687683105, 0.9958543181419373, 0.9957431554794312], [0.9977156519889832, 0.9957883954048157, 0.9967883229255676, 0.9968519806861877, 1.0, 0.994200587272644, 0.9942048788070679, 0.9951711893081665, 0.9976751804351807, 0.9956631064414978, 0.9963966012001038, 0.9959383606910706, 0.9975408911705017, 0.9959562420845032, 0.996842086315155, 0.995751142501831, 0.9964116215705872, 0.9973067045211792, 0.9973411560058594, 0.9974093437194824], [0.9950183033943176, 0.9938409924507141, 0.993992805480957, 0.9958507418632507, 0.994200587272644, 1.0000001192092896, 0.9920333623886108, 0.9915218949317932, 0.9947985410690308, 0.9951647520065308, 0.9952400922775269, 0.9923382997512817, 0.9940463304519653, 0.9944702386856079, 0.9946502447128296, 0.9954378604888916, 0.9942723512649536, 0.9947229623794556, 0.9929375052452087, 0.9951770901679993], [0.9953331351280212, 0.9902434349060059, 0.9923601150512695, 0.9966621398925781, 0.9942048788070679, 0.9920333623886108, 1.0000001192092896, 0.9967151284217834, 0.9953137636184692, 0.9959515929222107, 0.9946805834770203, 0.9982057809829712, 0.9967908263206482, 0.9914425611495972, 0.9951257705688477, 0.9937114715576172, 0.997031033039093, 0.9966419339179993, 0.9929501414299011, 0.9922982454299927], [0.9959918260574341, 0.9930933713912964, 0.9944863319396973, 0.9961217045783997, 0.9951711893081665, 0.9915218949317932, 0.9967151284217834, 0.9999999403953552, 0.9970827102661133, 0.995313823223114, 0.9967854022979736, 0.9974644780158997, 0.9965938925743103, 0.9943404793739319, 0.9963634014129639, 0.9945672154426575, 0.9960416555404663, 0.9977476000785828, 0.9952544569969177, 0.9949216842651367], [0.9978741407394409, 0.9956606030464172, 0.9974343180656433, 0.9973792433738708, 0.9976751804351807, 0.9947985410690308, 0.9953137636184692, 0.9970827102661133, 1.0, 0.996076762676239, 0.9983591437339783, 0.9963934421539307, 0.9979740977287292, 0.9956727623939514, 0.9964933395385742, 0.9957448840141296, 0.9976662993431091, 0.9975051879882812, 0.9972190260887146, 0.9974380135536194], [0.9954662919044495, 0.9932543635368347, 0.9941286444664001, 0.9975577592849731, 0.9956631064414978, 0.9951647520065308, 0.9959515929222107, 0.995313823223114, 0.996076762676239, 1.0, 0.9967207312583923, 0.9959266185760498, 0.9971903562545776, 0.9949342012405396, 0.996514081954956, 0.9980193376541138, 0.9962570071220398, 0.996907114982605, 0.9953565001487732, 0.994807243347168], [0.9968942999839783, 0.9947632551193237, 0.9966322779655457, 0.9968470931053162, 0.9963966012001038, 0.9952400922775269, 0.9946805834770203, 0.9967854022979736, 0.9983591437339783, 0.9967207312583923, 1.0000001192092896, 0.994724690914154, 0.9974125027656555, 0.9962235689163208, 0.9955862760543823, 0.9961943030357361, 0.9964525103569031, 0.9964491128921509, 0.9973181486129761, 0.9975540637969971], [0.9964288473129272, 0.992058515548706, 0.9935157895088196, 0.9969631433486938, 0.9959383606910706, 0.9923382997512817, 0.9982057809829712, 0.9974644780158997, 0.9963934421539307, 0.9959266185760498, 0.994724690914154, 1.0000001192092896, 0.996209442615509, 0.9923457503318787, 0.9962178468704224, 0.9935168623924255, 0.9964076280593872, 0.9978305697441101, 0.9940773248672485, 0.9932740926742554], [0.9976727366447449, 0.9944702386856079, 0.996280312538147, 0.9972454905509949, 0.9975408911705017, 0.9940463304519653, 0.9967908263206482, 0.9965938925743103, 0.9979740977287292, 0.9971903562545776, 0.9974125027656555, 0.996209442615509, 1.0, 0.996143639087677, 0.9959814548492432, 0.9974115490913391, 0.9971833229064941, 0.997746467590332, 0.9973167777061462, 0.9965259432792664], [0.9966649413108826, 0.9954971075057983, 0.9950430989265442, 0.9948846101760864, 0.9959562420845032, 0.9944702386856079, 0.9914425611495972, 0.9943404793739319, 0.9956727623939514, 0.9949342012405396, 0.9962235689163208, 0.9923457503318787, 0.996143639087677, 1.0, 0.9946132302284241, 0.9958908557891846, 0.9940180778503418, 0.9961347579956055, 0.9963498711585999, 0.9975289702415466], [0.995323896408081, 0.9953416585922241, 0.9942355751991272, 0.9968595504760742, 0.996842086315155, 0.9946502447128296, 0.9951257705688477, 0.9963634014129639, 0.9964933395385742, 0.996514081954956, 0.9955862760543823, 0.9962178468704224, 0.9959814548492432, 0.9946132302284241, 1.0, 0.9967491030693054, 0.9961946606636047, 0.9979137778282166, 0.9957140684127808, 0.9957066774368286], [0.9955012202262878, 0.994157612323761, 0.9944158792495728, 0.995690643787384, 0.995751142501831, 0.9954378604888916, 0.9937114715576172, 0.9945672154426575, 0.9957448840141296, 0.9980193376541138, 0.9961943030357361, 0.9935168623924255, 0.9974115490913391, 0.9958908557891846, 0.9967491030693054, 1.0, 0.9958902597427368, 0.9966138005256653, 0.9960252046585083, 0.9961069226264954], [0.9974507093429565, 0.9944814443588257, 0.9961332678794861, 0.9968866109848022, 0.9964116215705872, 0.9942723512649536, 0.997031033039093, 0.9960416555404663, 0.9976662993431091, 0.9962570071220398, 0.9964525103569031, 0.9964076280593872, 0.9971833229064941, 0.9940180778503418, 0.9961946606636047, 0.9958902597427368, 1.0000001192092896, 0.9972673654556274, 0.9956830143928528, 0.9955094456672668], [0.998054027557373, 0.9957426190376282, 0.9959841370582581, 0.9980387687683105, 0.9973067045211792, 0.9947229623794556, 0.9966419339179993, 0.9977476000785828, 0.9975051879882812, 0.996907114982605, 0.9964491128921509, 0.9978305697441101, 0.997746467590332, 0.9961347579956055, 0.9979137778282166, 0.9966138005256653, 0.9972673654556274, 0.9999998211860657, 0.9970473051071167, 0.9965437650680542], [0.996961236000061, 0.995103657245636, 0.996518611907959, 0.9958543181419373, 0.9973411560058594, 0.9929375052452087, 0.9929501414299011, 0.9952544569969177, 0.9972190260887146, 0.9953565001487732, 0.9973181486129761, 0.9940773248672485, 0.9973167777061462, 0.9963498711585999, 0.9957140684127808, 0.9960252046585083, 0.9956830143928528, 0.9970473051071167, 1.0000001192092896, 0.9971995949745178], [0.9974289536476135, 0.9950234293937683, 0.9968305826187134, 0.9957431554794312, 0.9974093437194824, 0.9951770901679993, 0.9922982454299927, 0.9949216842651367, 0.9974380135536194, 0.994807243347168, 0.9975540637969971, 0.9932740926742554, 0.9965259432792664, 0.9975289702415466, 0.9957066774368286, 0.9961069226264954, 0.9955094456672668, 0.9965437650680542, 0.9971995949745178, 0.9999998211860657]]}, {"round": 4, "client_ids": [0, 1, 2, 3, 4, 5, 6, 7, 8, 9, 10, 11, 12, 13, 14, 15, 16, 17, 18, 19], "matrix": [[0.9999997615814209, 0.9935863018035889, 0.994529128074646, 0.9937978386878967, 0.9965964555740356, 0.9927418231964111, 0.9968885779380798, 0.99509596824646, 0.9964905381202698, 0.9940902590751648, 0.9944852590560913, 0.9974876642227173, 0.9972439408302307, 0.996789276599884, 0.9924836754798889, 0.9962658286094666, 0.9951275587081909, 0.9964486360549927, 0.9952427744865417, 0.9946144819259644], [0.9935863018035889, 1.0, 0.9957135915756226, 0.9949427843093872, 0.9963942170143127, 0.9951050877571106, 0.9946509599685669, 0.9952751398086548, 0.9953569173812866, 0.992607057094574, 0.9942737817764282, 0.995090901851654, 0.9953857064247131, 0.9920982718467712, 0.9929305911064148, 0.9910469055175781, 0.9943857192993164, 0.9956236481666565, 0.9958364963531494, 0.9941652417182922], [0.994529128074646, 0.9957135915756226, 1.0000001192092896, 0.9950231909751892, 0.9955607056617737, 0.9949928522109985, 0.9945244193077087, 0.9942514300346375, 0.9970174431800842, 0.9919209480285645, 0.9938517808914185, 0.9933804273605347, 0.9964896440505981, 0.9944518208503723, 0.9897727370262146, 0.9927158355712891, 0.9938733577728271, 0.9956343770027161, 0.9933305978775024, 0.9954923391342163], [0.9937978386878967, 0.9949427843093872, 0.9950231909751892, 1.0, 0.9941649436950684, 0.9945846199989319, 0.9963651299476624, 0.9956343770027161, 0.996681272983551, 0.9966312050819397, 0.9960641860961914, 0.993625819683075, 0.9952585697174072, 0.994049608707428, 0.9952565431594849, 0.9940878748893738, 0.9930554032325745, 0.9957143664360046, 0.9942105412483215, 0.9936083555221558], [0.9965964555740356, 0.9963942170143127, 0.9955607056617737, 0.9941649436950684, 1.0000001192092896, 0.9934497475624084, 0.9954187870025635, 0.9948214292526245, 0.9967104196548462, 0.9923383593559265, 0.9940749406814575, 0.9964770078659058, 0.996438205242157, 0.9947142004966736, 0.9928513169288635, 0.9937330484390259, 0.996221125125885, 0.9957287311553955, 0.9956852197647095, 0.996051549911499], [0.9927418231964111, 0.9951050877571106, 0.9949928522109985, 0.9945846199989319, 0.9934497475624084, 1.0000001192092896, 0.9932317733764648, 0.9932650923728943, 0.9937916398048401, 0.9922130107879639, 0.9931721091270447, 0.991072416305542, 0.9928204417228699, 0.9929146766662598, 0.9917121529579163, 0.9911775588989258, 0.9925268292427063, 0.9945068955421448, 0.9925683736801147, 0.9931260943412781], [0.9968885779380798, 0.9946509599685669, 0.9945244193077087, 0.9963651299476624, 0.9954187870025635, 0.9932317733764648, 1.0, 0.9961473941802979, 0.9964807033538818, 0.9956004619598389, 0.9969941973686218, 0.9964597225189209, 0.9965952038764954, 0.9959796667098999, 0.994166374206543, 0.9954016208648682, 0.9947147965431213, 0.9954719543457031, 0.9950670003890991, 0.992590069770813], [0.99509596824646, 0.9952751398086548, 0.9942514300346375, 0.9956343770027161, 0.9948214292526245, 0.9932650923728943, 0.9961473941802979, 0.9999999403953552, 0.9964613914489746, 0.9947047829627991, 0.997032880783081, 0.9946995973587036, 0.99532550573349, 0.9937257766723633, 0.9955950975418091, 0.994053304195404, 0.9930422306060791, 0.9962316155433655, 0.9953157901763916, 0.9951285719871521], [0.9964905381202698, 0.9953569173812866, 0.9970174431800842, 0.996681272983551, 0.9967104196548462, 0.9937916398048401, 0.9964807033538818, 0.9964613914489746, 0.9999999403953552, 0.9946821928024292, 0.995827853679657, 0.9965837597846985, 0.9978950619697571, 0.9951499104499817, 0.9934242963790894, 0.9941678047180176, 0.9947342872619629, 0.9966337084770203, 0.9960533380508423, 0.9947637915611267], [0.9940902590751648, 0.992607057094574, 0.9919209480285645, 0.9966312050819397, 0.9923383593559265, 0.9922130107879639, 0.9956004619598389, 0.9947047829627991, 0.9946821928024292, 0.9999999403953552, 0.9956409931182861, 0.993694543838501, 0.9959182739257812, 0.9941003918647766, 0.9956220388412476, 0.9936895370483398, 0.9925265312194824, 0.9939559102058411, 0.9952322244644165, 0.9912184476852417], [0.9944852590560913, 0.9942737817764282, 0.9938517808914185, 0.9960641860961914, 0.9940749406814575, 0.9931721091270447, 0.9969941973686218, 0.997032880783081, 0.995827853679657, 0.9956409931182861, 0.9999999403953552, 0.9939448237419128, 0.9946212768554688, 0.9941715002059937, 0.9928044080734253, 0.9932839274406433, 0.9940392374992371, 0.9944124221801758, 0.9950532913208008, 0.9935916066169739], [0.9974876642227173, 0.995090901851654, 0.9933804273605347, 0.993625819683075, 0.9964770078659058, 0.991072416305542, 0.9964597225189209, 0.9946995973587036, 0.9965837597846985, 0.993694543838501, 0.9939448237419128, 0.9999997019767761, 0.9970934391021729, 0.9937520027160645, 0.9928767681121826, 0.9935104250907898, 0.9949446320533752, 0.995916485786438, 0.9962113499641418, 0.9923491477966309], [0.9972439408302307, 0.9953857064247131, 0.9964896440505981, 0.9952585697174072, 0.996438205242157, 0.9928204417228699, 0.9965952038764954, 0.99532550573349, 0.9978950619697571, 0.9959182739257812, 0.9946212768554688, 0.9970934391021729, 1.0000001192092896, 0.9957808256149292, 0.9930267930030823, 0.9948916435241699, 0.995024561882019, 0.9968788623809814, 0.9971801042556763, 0.9952843189239502], [0.996789276599884, 0.9920982718467712, 0.9944518208503723, 0.994049608707428, 0.9947142004966736, 0.9929146766662598, 0.9959796667098999, 0.9937257766723633, 0.9951499104499817, 0.9941003918647766, 0.9941715002059937, 0.9937520027160645, 0.9957808256149292, 0.9999999403953552, 0.9907680749893188, 0.9952908158302307, 0.9942150115966797, 0.9942827820777893, 0.9932480454444885, 0.9939268231391907], [0.9924836754798889, 0.9929305911064148, 0.9897727370262146, 0.9952565431594849, 0.9928513169288635, 0.9917121529579163, 0.994166374206543, 0.9955950975418091, 0.9934242963790894, 0.9956220388412476, 0.9928044080734253, 0.9928767681121826, 0.9930267930030823, 0.9907680749893188, 1.0, 0.9922753572463989, 0.991633951663971, 0.9929205179214478, 0.9934611916542053, 0.992172360420227], [0.9962658286094666, 0.9910469055175781, 0.9927158355712891, 0.9940878748893738, 0.9937330484390259, 0.9911775588989258, 0.9954016208648682, 0.994053304195404, 0.9941678047180176, 0.9936895370483398, 0.9932839274406433, 0.9935104250907898, 0.9948916435241699, 0.9952908158302307, 0.9922753572463989, 1.0000001192092896, 0.9935667514801025, 0.9942314028739929, 0.9925966262817383, 0.9926061630249023], [0.9951275587081909, 0.9943857192993164, 0.9938733577728271, 0.9930554032325745, 0.996221125125885, 0.9925268292427063, 0.9947147965431213, 0.9930422306060791, 0.9947342872619629, 0.9925265312194824, 0.9940392374992371, 0.9949446320533752, 0.995024561882019, 0.9942150115966797, 0.991633951663971, 0.9935667514801025, 1.0000001192092896, 0.9941717386245728, 0.9942657351493835, 0.995150625705719], [0.9964486360549927, 0.9956236481666565, 0.9956343770027161, 0.9957143664360046, 0.9957287311553955, 0.9945068955421448, 0.9954719543457031, 0.9962316155433655, 0.9966337084770203, 0.9939559102058411, 0.9944124221801758, 0.995916485786438, 0.9968788623809814, 0.9942827820777893, 0.9929205179214478, 0.9942314028739929, 0.9941717386245728, 0.9999999403953552, 0.9961938858032227, 0.9946309328079224], [0.9952427744865417, 0.9958364963531494, 0.9933305978775024, 0.9942105412483215, 0.9956852197647095, 0.9925683736801147, 0.9950670003890991, 0.9953157901763916, 0.9960533380508423, 0.9952322244644165, 0.9950532913208008, 0.9962113499641418, 0.9971801042556763, 0.9932480454444885, 0.9934611916542053, 0.9925966262817383, 0.9942657351493835, 0.9961938858032227, 1.0, 0.9937607049942017], [0.9946144819259644, 0.9941652417182922, 0.9954923391342163, 0.9936083555221558, 0.996051549911499, 0.9931260943412781, 0.992590069770813, 0.9951285719871521, 0.9947637915611267, 0.9912184476852417, 0.9935916066169739, 0.9923491477966309, 0.9952843189239502, 0.9939268231391907, 0.992172360420227, 0.9926061630249023, 0.995150625705719, 0.9946309328079224, 0.9937607049942017, 1.0]]}, {"round": 5, "client_ids": [0, 1, 2, 3, 4, 5, 6, 7, 8, 9, 10, 11, 12, 13, 14, 15, 16, 17, 18, 19], "matrix": [[0.9999997615814209, 0.9898199439048767, 0.9913769960403442, 0.9936676621437073, 0.9941146373748779, 0.9813141822814941, 0.9934225082397461, 0.9947920441627502, 0.9951189756393433, 0.9966427087783813, 0.990532636642456, 0.9940032958984375, 0.9954625964164734, 0.9895083904266357, 0.9853432774543762, 0.9768279194831848, 0.9940534830093384, 0.9937663078308105, 0.9894198179244995, 0.9938420653343201], [0.9898199439048767, 0.9999997615814209, 0.9907844066619873, 0.9928122162818909, 0.9920448064804077, 0.9900391697883606, 0.9921891689300537, 0.989513635635376, 0.991185188293457, 0.9889341592788696, 0.9932821393013, 0.9869886040687561, 0.9893299341201782, 0.9852501749992371, 0.9856711030006409, 0.9824173450469971, 0.9876975417137146, 0.9888995885848999, 0.9906198978424072, 0.991851270198822], [0.9913769960403442, 0.9907844066619873, 0.9999998807907104, 0.9900439977645874, 0.9917677640914917, 0.986301064491272, 0.9891652464866638, 0.9912179708480835, 0.9902440905570984, 0.9860998392105103, 0.986173689365387, 0.9859925508499146, 0.9886631369590759, 0.9871921539306641, 0.9816277027130127, 0.9745089411735535, 0.9869751930236816, 0.9890761375427246, 0.9822177886962891, 0.9936429262161255], [0.9936676621437073, 0.9928122162818909, 0.9900439977645874, 0.9999998807907104, 0.9939093589782715, 0.9828794598579407, 0.9941227436065674, 0.9941373467445374, 0.992445707321167, 0.9934090375900269, 0.993961751461029, 0.990557074546814, 0.9928534626960754, 0.9875425696372986, 0.9890310168266296, 0.9805123805999756, 0.9922613501548767, 0.991817057132721, 0.9900767803192139, 0.992789626121521], [0.9941146373748779, 0.9920448064804077, 0.9917677640914917, 0.9939093589782715, 0.9999998211860657, 0.9823669195175171, 0.9924607872962952, 0.9950107336044312, 0.9918798804283142, 0.9894727468490601, 0.9896715879440308, 0.9929632544517517, 0.991966962814331, 0.9901854991912842, 0.9884559512138367, 0.9856626987457275, 0.9940812587738037, 0.9931071996688843, 0.9883231520652771, 0.9927606582641602], [0.9813141822814941, 0.9900391697883606, 0.986301064491272, 0.9828794598579407, 0.9823669195175171, 1.0, 0.9828224182128906, 0.9795752167701721, 0.9772458672523499, 0.978312611579895, 0.9825662970542908, 0.9712985157966614, 0.9782394170761108, 0.9810731410980225, 0.9767684936523438, 0.9768261313438416, 0.9756409525871277, 0.9811291694641113, 0.9778283834457397, 0.9849967360496521], [0.9934225082397461, 0.9921891689300537, 0.9891652464866638, 0.9941227436065674, 0.9924607872962952, 0.9828224182128906, 1.0, 0.9929568767547607, 0.9895985722541809, 0.991614818572998, 0.9940798878669739, 0.9893962144851685, 0.9897583723068237, 0.9856190085411072, 0.9927787780761719, 0.9804523587226868, 0.9912799596786499, 0.9898601174354553, 0.985522985458374, 0.9912115335464478], [0.9947920441627502, 0.989513635635376, 0.9912179708480835, 0.9941373467445374, 0.9950107336044312, 0.9795752167701721, 0.9929568767547607, 1.0000001192092896, 0.9915748238563538, 0.9938735961914062, 0.9911167621612549, 0.9922299385070801, 0.9925795197486877, 0.9869978427886963, 0.9916842579841614, 0.98055100440979, 0.9925739765167236, 0.993708610534668, 0.990603506565094, 0.9925152063369751], [0.9951189756393433, 0.991185188293457, 0.9902440905570984, 0.992445707321167, 0.9918798804283142, 0.9772458672523499, 0.9895985722541809, 0.9915748238563538, 0.9999997615814209, 0.9932929873466492, 0.9892146587371826, 0.9945847988128662, 0.994692862033844, 0.9852313995361328, 0.9834862947463989, 0.9719392657279968, 0.9911637306213379, 0.9895681738853455, 0.991082489490509, 0.991857647895813], [0.9966427087783813, 0.9889341592788696, 0.9860998392105103, 0.9934090375900269, 0.9894727468490601, 0.978312611579895, 0.991614818572998, 0.9938735961914062, 0.9932929873466492, 1.000000238418579, 0.9912585020065308, 0.9931216835975647, 0.9959644079208374, 0.9860323071479797, 0.9880614876747131, 0.9740489721298218, 0.9918455481529236, 0.990541398525238, 0.9920234680175781, 0.9901087880134583], [0.990532636642456, 0.9932821393013, 0.986173689365387, 0.993961751461029, 0.9896715879440308, 0.9825662970542908, 0.9940798878669739, 0.9911167621612549, 0.9892146587371826, 0.9912585020065308, 1.0, 0.9887409806251526, 0.9896372556686401, 0.9846908450126648, 0.9887751936912537, 0.9793455004692078, 0.9889217615127563, 0.9861887097358704, 0.9904977083206177, 0.991665780544281], [0.9940032958984375, 0.9869886040687561, 0.9859925508499146, 0.990557074546814, 0.9929632544517517, 0.9712985157966614, 0.9893962144851685, 0.9922299385070801, 0.9945847988128662, 0.9931216835975647, 0.9887409806251526, 1.0, 0.993962287902832, 0.9857348799705505, 0.986539900302887, 0.9764257073402405, 0.9926302433013916, 0.9884278774261475, 0.9883795380592346, 0.9902125597000122], [0.9954625964164734, 0.9893299341201782, 0.9886631369590759, 0.9928534626960754, 0.991966962814331, 0.9782394170761108, 0.9897583723068237, 0.9925795197486877, 0.994692862033844, 0.9959644079208374, 0.9896372556686401, 0.993962287902832, 1.0, 0.9895206093788147, 0.9843541383743286, 0.9795652031898499, 0.9927549362182617, 0.9905937314033508, 0.9901533126831055, 0.9922200441360474], [0.9895083904266357, 0.9852501749992371, 0.9871921539306641, 0.9875425696372986, 0.9901854991912842, 0.9810731410980225, 0.9856190085411072, 0.9869978427886963, 0.9852313995361328, 0.9860323071479797, 0.9846908450126648, 0.9857348799705505, 0.9895206093788147, 1.0, 0.9800719022750854, 0.9856409430503845, 0.9898187518119812, 0.9892914295196533, 0.9811286926269531, 0.9906001091003418], [0.9853432774543762, 0.9856711030006409, 0.9816277027130127, 0.9890310168266296, 0.9884559512138367, 0.9767684936523438, 0.9927787780761719, 0.9916842579841614, 0.9834862947463989, 0.9880614876747131, 0.9887751936912537, 0.986539900302887, 0.9843541383743286, 0.9800719022750854, 1.0000001192092896, 0.9793685674667358, 0.9859973192214966, 0.9834674000740051, 0.9852050542831421, 0.9837368130683899], [0.9768279194831848, 0.9824173450469971, 0.9745089411735535, 0.9805123805999756, 0.9856626987457275, 0.9768261313438416, 0.9804523587226868, 0.98055100440979, 0.9719392657279968, 0.9740489721298218, 0.9793455004692078, 0.9764257073402405, 0.9795652031898499, 0.9856409430503845, 0.9793685674667358, 0.9999998211860657, 0.9809828996658325, 0.9811396598815918, 0.9768461585044861, 0.9787858128547668], [0.9940534830093384, 0.9876975417137146, 0.9869751930236816, 0.9922613501548767, 0.9940812587738037, 0.9756409525871277, 0.9912799596786499, 0.9925739765167236, 0.9911637306213379, 0.9918455481529236, 0.9889217615127563, 0.9926302433013916, 0.9927549362182617, 0.9898187518119812, 0.9859973192214966, 0.9809828996658325, 1.0000001192092896, 0.9920507073402405, 0.9858676791191101, 0.9890719056129456], [0.9937663078308105, 0.9888995885848999, 0.9890761375427246, 0.991817057132721, 0.9931071996688843, 0.9811291694641113, 0.9898601174354553, 0.993708610534668, 0.9895681738853455, 0.990541398525238, 0.9861887097358704, 0.9884278774261475, 0.9905937314033508, 0.9892914295196533, 0.9834674000740051, 0.9811396598815918, 0.9920507073402405, 0.9999998807907104, 0.9862717986106873, 0.9901124238967896], [0.9894198179244995, 0.9906198978424072, 0.9822177886962891, 0.9900767803192139, 0.9883231520652771, 0.9778283834457397, 0.985522985458374, 0.990603506565094, 0.991082489490509, 0.9920234680175781, 0.9904977083206177, 0.9883795380592346, 0.9901533126831055, 0.9811286926269531, 0.9852050542831421, 0.9768461585044861, 0.9858676791191101, 0.9862717986106873, 0.9999998807907104, 0.9891720414161682], [0.9938420653343201, 0.991851270198822, 0.9936429262161255, 