{"dataset": ["ENZYMES"], "num_clients": 5, "total_rounds_recorded": 10, "history": [{"round": 1, "client_ids": [0, 1, 2, 3, 4], "matrix": [[1.0, 0.3496619462966919, 0.4819351136684418, 0.5523226261138916, 0.3033708333969116], [0.3496619462966919, 0.9999998807907104, 0.3772333264350891, 0.2520087957382202, 0.44290655851364136], [0.4819351136684418, 0.3772333264350891, 0.9999999403953552, 0.3415100872516632, 0.3955589532852173], [0.5523226261138916, 0.2520087957382202, 0.3415100872516632, 1.0, 0.3228685259819031], [0.3033708333969116, 0.44290655851364136, 0.3955589532852173, 0.3228685259819031, 1.0]]}, {"round": 2, "client_ids": [0, 1, 2, 3, 4], "matrix": [[1.0000001192092896, 0.9396641850471497, 0.8584730625152588, 0.8649075627326965, 0.8788312673568726], [0.9396641850471497, 0.9999999403953552, 0.8776965737342834, 0.8945536613464355, 0.9017901420593262], [0.8584730625152588, 0.8776965737342834, 0.9999998211860657, 0.9465563893318176, 0.8889076709747314], [0.8649075627326965, 0.8945536613464355, 0.9465563893318176, 0.9999997615814209, 0.891750693321228], [0.8788312673568726, 0.9017901420593262, 0.8889076709747314, 0.891750693321228, 0.9999998211860657]]}, {"round": 3, "client_ids": [0, 1, 2, 3, 4], "matrix": [[0.9999999403953552, 0.8474807143211365, 0.8262448906898499, 0.8601299524307251, 0.8089785575866699], [0.8474807143211365, 1.000000238418579, 0.951103925704956, 0.961521565914154, 0.9531161785125732], [0.8262448906898499, 0.951103925704956, 1.0000001192092896, 0.9760788679122925, 0.9565067291259766], [0.8601299524307251, 0.961521565914154, 0.9760788679122925, 1.0, 0.9551070928573608], [0.8089785575866699, 0.9531161785125732, 0.9565067291259766, 0.9551070928573608, 1.0]]}, {"round": 4, "client_ids": [0, 1, 2, 3, 4], "matrix": [[1.0000001192092896, 0.8338754177093506, 0.7800930738449097, 0.8142450451850891, 0.821404218673706], [0.8338754177093506, 0.9999999403953552, 0.9596633911132812, 0.9703055620193481, 0.9554843902587891], [0.7800930738449097, 0.9596633911132812, 1.0000001192092896, 0.9771000742912292, 0.9633849263191223], [0.8142450451850891, 0.9703055620193481, 0.9771000742912292, 1.0, 0.9459965825080872], [0.821404218673706, 0.9554843902587891, 0.9633849263191223, 0.9459965825080872, 1.0000001192092896]]}, {"round": 5, "client_ids": [0, 1, 2, 3, 4], "matrix": [[0.9999997019767761, 0.885978102684021, 0.8452601432800293, 0.8353100419044495, 0.8700625896453857], [0.885978102684021, 0.9999999403953552, 0.9621300101280212, 0.9565192461013794, 0.9367161393165588], [0.8452601432800293, 0.9621300101280212, 0.9999997019767761, 0.9628371596336365, 0.9453051686286926], [0.8353100419044495, 0.9565192461013794, 0.9628371596336365, 0.9999998211860657, 0.9293520450592041], [0.8700625896453857, 0.9367161393165588, 0.9453051686286926, 0.9293520450592041, 0.9999998807907104]]}, {"round": 6, "client_ids": [0, 1, 2, 3, 4], "matrix": [[1.000000238418579, 0.9374858140945435, 0.9076763391494751, 0.8883150219917297, 0.9288684725761414], [0.9374858140945435, 0.9999997615814209, 0.9456157088279724, 0.9523708820343018, 0.9249566197395325], [0.9076763391494751, 0.9456157088279724, 0.9999999403953552, 0.9351442456245422, 0.9410653710365295], [0.8883150219917297, 0.9523708820343018, 0.9351442456245422, 0.9999999403953552, 0.9105973243713379], [0.9288684725761414, 0.9249566197395325, 0.9410653710365295, 0.9105973243713379, 0.9999999403953552]]}, {"round": 7, "client_ids": [0, 1, 2, 3, 4], "matrix": [[1.0, 0.9525640606880188, 0.9446207880973816, 0.915068507194519, 0.9350574612617493], [0.9525640606880188, 1.0, 0.953526496887207, 0.9416728615760803, 0.8973873853683472], [0.9446207880973816, 0.953526496887207, 1.0000001192092896, 0.9469437599182129, 0.9326074123382568], [0.915068507194519, 0.9416728615760803, 0.9469437599182129, 1.0, 0.9075193405151367], [0.9350574612617493, 0.8973873853683472, 0.9326074123382568, 0.9075193405151367, 1.0]]}, {"round": 8, "client_ids": [0, 1, 2, 3, 4], "matrix": [[0.9999998211860657, 0.9512469172477722, 0.9458336234092712, 0.9397661089897156, 0.9208371043205261], [0.9512469172477722, 1.0000001192092896, 0.9553084969520569, 0.9464764595031738, 0.9007576107978821], [0.9458336234092712, 0.9553084969520569, 1.0, 0.9557437896728516, 0.9248039722442627], [0.9397661089897156, 0.9464764595031738, 0.9557437896728516, 0.9999999403953552, 0.9297553896903992], [0.9208371043205261, 0.9007576107978821, 0.9248039722442627, 0.9297553896903992, 1.0000001192092896]]}, {"round": 9, "client_ids": [0, 1, 2, 3, 4], "matrix": [[0.9999998807907104, 0.9485253095626831, 0.9434150457382202, 0.9343863725662231, 0.8866105079650879], [0.9485253095626831, 0.9999997615814209, 0.9474943280220032, 0.9471042156219482, 0.8979526162147522], [0.9434150457382202, 0.9474943280220032, 1.0, 0.9602831602096558, 0.9230948090553284], [0.9343863725662231, 0.9471042156219482, 0.9602831602096558, 1.0, 0.9465593099594116], [0.8866105079650879, 0.8979526162147522, 0.9230948090553284, 0.9465593099594116, 0.9999998807907104]]}, {"round": 10, "client_ids": [0, 1, 2, 3, 4], "matrix": [[1.0000001192092896, 0.9369146227836609, 0.9219890832901001, 0.916869044303894, 0.8680626153945923], [0.9369146227836609, 1.0, 0.9439286589622498, 0.961638331413269, 0.9088260531425476], [0.9219890832901001, 0.9439286589622498, 0.9999998211860657, 0.9637045860290527, 0.9286088347434998], [0.916869044303894, 0.961638331413269, 0.9637045860290527, 1.0000001192092896, 0.9465498328208923], [0.8680626153945923, 0.9088260531425476, 0.9286088347434998, 0.9465498328208923, 0.9999998807907104]]}]}