{"dataset": ["COX2"], "num_clients": 10, "total_rounds_recorded": 7, "history": [{"round": 1, "client_ids": [0, 1, 2, 3, 4, 5, 6, 7, 8, 9], "matrix": [[0.9999998807907104, 0.36463484168052673, 0.40397852659225464, 0.36651939153671265, 0.49131709337234497, 0.4770616888999939, 0.335017591714859, 0.4397962689399719, 0.4755491614341736, 0.4178851544857025], [0.36463484168052673, 0.9999998211860657, 0.5806437134742737, 0.6155198812484741, 0.4357321262359619, 0.36716821789741516, 0.4671332538127899, 0.4697975814342499, 0.5636717081069946, 0.3914809823036194], [0.40397852659225464, 0.5806437134742737, 0.9999998807907104, 0.4486551284790039, 0.4172534942626953, 0.36307191848754883, 0.32180801033973694, 0.3940787613391876, 0.5605931878089905, 0.45167216658592224], [0.36651939153671265, 0.6155198812484741, 0.4486551284790039, 1.0000001192092896, 0.3718379735946655, 0.3373398780822754, 0.4936566650867462, 0.41778597235679626, 0.3162291646003723, 0.1935417205095291], [0.49131709337234497, 0.4357321262359619, 0.4172534942626953, 0.3718379735946655, 1.0000001192092896, 0.4239875078201294, 0.357932448387146, 0.31877845525741577, 0.34648650884628296, 0.3765089511871338], [0.4770616888999939, 0.36716821789741516, 0.36307191848754883, 0.3373398780822754, 0.4239875078201294, 0.9999999403953552, 0.2891727685928345, 0.3488253653049469, 0.4579363763332367, 0.43641647696495056], [0.335017591714859, 0.4671332538127899, 0.32180801033973694, 0.4936566650867462, 0.357932448387146, 0.2891727685928345, 0.9999999403953552, 0.46379926800727844, 0.2762027978897095, 0.3102610409259796], [0.4397962689399719, 0.4697975814342499, 0.3940787613391876, 0.41778597235679626, 0.31877845525741577, 0.3488253653049469, 0.46379926800727844, 0.9999998807907104, 0.4332257807254791, 0.42261409759521484], [0.4755491614341736, 0.5636717081069946, 0.5605931878089905, 0.3162291646003723, 0.34648650884628296, 0.4579363763332367, 0.2762027978897095, 0.4332257807254791, 0.9999998211860657, 0.46820932626724243], [0.4178851544857025, 0.3914809823036194, 0.45167216658592224, 0.1935417205095291, 0.3765089511871338, 0.43641647696495056, 0.3102610409259796, 0.42261409759521484, 0.46820932626724243, 1.0]]}, {"round": 2, "client_ids": [0, 1, 2, 3, 4, 5, 6, 7, 8, 9], "matrix": [[1.0, 0.9968879222869873, 0.994833767414093, 0.9953487515449524, 0.99697345495224, 0.9964106678962708, 0.9979873299598694, 0.9972105622291565, 0.9940561652183533, 0.9961499571800232], [0.9968879222869873, 1.0000001192092896, 0.9951984882354736, 0.9966332316398621, 0.9969503879547119, 0.9957703948020935, 0.9969094395637512, 0.9964746236801147, 0.9920634627342224, 0.9959675669670105], [0.994833767414093, 0.9951984882354736, 1.0000001192092896, 0.9908573031425476, 0.9955483078956604, 0.9941849708557129, 0.9949073791503906, 0.9932403564453125, 0.9907073378562927, 0.9961239099502563], [0.9953487515449524, 0.9966332316398621, 0.9908573031425476, 0.9999999403953552, 0.9934754371643066, 0.9947718977928162, 0.9938284158706665, 0.9959633350372314, 0.9887673258781433, 0.9908462762832642], [0.99697345495224, 0.9969503879547119, 0.9955483078956604, 0.9934754371643066, 0.9999999403953552, 0.9968292713165283, 0.997180163860321, 0.996367871761322, 0.9953030943870544, 0.9969581365585327], [0.9964106678962708, 0.9957703948020935, 0.9941849708557129, 0.9947718977928162, 0.9968292713165283, 1.0000003576278687, 0.9962089657783508, 0.9969568848609924, 0.9923112392425537, 0.9944773316383362], [0.9979873299598694, 0.9969094395637512, 0.9949073791503906, 0.9938284158706665, 0.997180163860321, 0.9962089657783508, 0.9999998211860657, 0.9971573948860168, 0.994219183921814, 0.9968538284301758], [0.9972105622291565, 0.9964746236801147, 0.9932403564453125, 0.9959633350372314, 0.996367871761322, 0.9969568848609924, 0.9971573948860168, 1.0000001192092896, 0.9928045868873596, 0.994574785232544], [0.9940561652183533, 0.9920634627342224, 0.9907073378562927, 0.9887673258781433, 0.9953030943870544, 0.9923112392425537, 0.994219183921814, 0.9928045868873596, 1.0000001192092896, 0.9933310747146606], [0.9961499571800232, 0.9959675669670105, 0.9961239099502563, 0.9908462762832642, 0.9969581365585327, 0.9944773316383362, 0.9968538284301758, 0.994574785232544, 0.9933310747146606, 1.0000001192092896]]}, {"round": 3, "client_ids": [0, 1, 2, 3, 4, 5, 6, 7, 8, 9], "matrix": [[0.9999998807907104, 0.995758056640625, 0.9939553737640381, 0.9970798492431641, 0.9958318471908569, 0.9947736263275146, 0.9962866902351379, 0.9964365363121033, 0.9952452182769775, 0.9964377880096436], [0.995758056640625, 0.9999999403953552, 0.9960554242134094, 0.996607780456543, 0.9961918592453003, 0.9953902363777161, 0.994928240776062, 0.995598316192627, 0.9945446252822876, 0.9958773255348206], [0.9939553737640381, 0.9960554242134094, 1.0000001192092896, 0.9960939288139343, 0.9970656037330627, 0.9951276779174805, 0.9938650727272034, 0.9960123896598816, 0.9923620820045471, 0.9969815015792847], [0.9970798492431641, 0.996607780456543, 0.9960939288139343, 0.9999998807907104, 0.9972079396247864, 0.9957302212715149, 0.9965469241142273, 0.997048020362854, 0.995161771774292, 0.9959213733673096], [0.9958318471908569, 0.9961918592453003, 0.9970656037330627, 0.9972079396247864, 1.0, 0.9957824349403381, 0.9959492683410645, 0.9969193935394287, 0.9953258037567139, 0.9968337416648865], [0.9947736263275146, 0.9953902363777161, 0.9951276779174805, 0.9957302212715149, 0.9957824349403381, 1.000000238418579, 0.9931358098983765, 0.9963465929031372, 0.9937025904655457, 0.9955684542655945], [0.9962866902351379, 0.994928240776062, 0.9938650727272034, 0.9965469241142273, 0.9959492683410645, 0.9931358098983765, 0.9999998807907104, 0.9940403699874878, 0.9949845671653748, 0.9955942034721375], [0.9964365363121033, 0.995598316192627, 0.9960123896598816, 0.997048020362854, 0.9969193935394287, 0.9963465929031372, 0.9940403699874878, 1.0, 0.995132565498352, 0.9968756437301636], [0.9952452182769775, 0.9945446252822876, 0.9923620820045471, 0.995161771774292, 0.9953258037567139, 0.9937025904655457, 0.9949845671653748, 0.995132565498352, 1.0000001192092896, 0.9950138926506042], [0.9964377880096436, 0.9958773255348206, 0.9969815015792847, 0.9959213733673096, 0.9968337416648865, 0.9955684542655945, 0.9955942034721375, 0.9968756437301636, 0.9950138926506042, 0.9999998807907104]]}, {"round": 4, "client_ids": [0, 1, 2, 3, 4, 5, 6, 7, 8, 9], "matrix": [[1.0, 0.9893978238105774, 0.9880762100219727, 0.9937798976898193, 0.9939358234405518, 0.9905147552490234, 0.990056574344635, 0.9929095506668091, 0.9896407723426819, 0.9936732649803162], [0.9893978238105774, 0.9999998807907104, 0.992487370967865, 0.9936774373054504, 0.9909218549728394, 0.9935739040374756, 0.9915242791175842, 0.9928634762763977, 0.9928522109985352, 0.995474100112915], [0.9880762100219727, 0.992487370967865, 1.0000001192092896, 0.9907312989234924, 0.9896393418312073, 0.9903736710548401, 0.9893435835838318, 0.9933748245239258, 0.9873711466789246, 0.9956634640693665], [0.9937798976898193, 0.9936774373054504, 0.9907312989234924, 0.9999999403953552, 0.9945535659790039, 0.9922333359718323, 0.9931654334068298, 0.9958905577659607, 0.9928651452064514, 0.9948462843894958], [0.9939358234405518, 0.9909218549728394, 0.9896393418312073, 0.9945535659790039, 1.0000001192092896, 0.9912379384040833, 0.9922055602073669, 0.9953188896179199, 0.9941394925117493, 0.9938991665840149], [0.9905147552490234, 0.9935739040374756, 0.9903736710548401, 0.9922333359718323, 0.9912379384040833, 0.9999998807907104, 0.9895960688591003, 0.9919845461845398, 0.9919227957725525, 0.9935938715934753], [0.990056574344635, 0.9915242791175842, 0.9893435835838318, 0.9931654334068298, 0.9922055602073669, 0.9895960688591003, 0.9999999403953552, 0.992065966129303, 0.9903373718261719, 0.9936035871505737], [0.9929095506668091, 0.9928634762763977, 0.9933748245239258, 0.9958905577659607, 0.9953188896179199, 0.9919845461845398, 0.992065966129303, 0.9999998211860657, 0.992435097694397, 0.9960200786590576], [0.9896407723426819, 0.9928522109985352, 0.9873711466789246, 0.9928651452064514, 0.9941394925117493, 0.9919227957725525, 0.9903373718261719, 0.992435097694397, 1.0, 0.9921372532844543], [0.9936732649803162, 0.995474100112915, 0.9956634640693665, 0.9948462843894958, 0.9938991665840149, 0.9935938715934753, 0.9936035871505737, 0.9960200786590576, 0.9921372532844543, 1.0000001192092896]]}, {"round": 5, "client_ids": [0, 1, 2, 3, 4, 5, 6, 7, 8, 9], "matrix": [[1.0000001192092896, 0.9822749495506287, 0.9741315841674805, 0.9794793725013733, 0.9870530962944031, 0.9833130240440369, 0.9793855547904968, 0.9816576242446899, 0.9807486534118652, 0.9818622469902039], [0.9822749495506287, 1.0, 0.9816039800643921, 0.9797214269638062, 0.9785877466201782, 0.9878147840499878, 0.9799149036407471, 0.9811632037162781, 0.9744312167167664, 0.9826968908309937], [0.9741315841674805, 0.9816039800643921, 1.0000001192092896, 0.9806174635887146, 0.9749681353569031, 0.9781690835952759, 0.9784517288208008, 0.979813277721405, 0.9709682464599609, 0.9804725050926208], [0.9794793725013733, 0.9797214269638062, 0.9806174635887146, 0.9999998807907104, 0.9746369123458862, 0.9785488843917847, 0.9768336415290833, 0.9838579893112183, 0.9645537734031677, 0.9715293049812317], [0.9870530962944031, 0.9785877466201782, 0.9749681353569031, 0.9746369123458862, 1.000000238418579, 0.9810459613800049, 0.9812747836112976, 0.9752476811408997, 0.9859492778778076, 0.9858728051185608], [0.9833130240440369, 0.9878147840499878, 0.9781690835952759, 0.9785488843917847, 0.9810459613800049, 0.9999998211860657, 0.979608952999115, 0.980749249458313, 0.9743043780326843, 0.9763584136962891], [0.9793855547904968, 0.9799149036407471, 0.9784517288208008, 0.9768336415290833, 0.9812747836112976, 0.979608952999115, 0.9999999403953552, 0.9744572043418884, 0.9779450297355652, 0.9842212200164795], [0.9816576242446899, 0.9811632037162781, 0.979813277721405, 0.9838579893112183, 0.9752476811408997, 0.980749249458313, 0.9744572043418884, 1.0000001192092896, 0.964496374130249, 0.9741789698600769], [0.9807486534118652, 0.9744312167167664, 0.9709682464599609, 0.9645537734031677, 0.9859492778778076, 0.9743043780326843, 0.9779450297355652, 0.964496374130249, 1.0000001192092896, 0.9911078810691833], [0.9818622469902039, 0.9826968908309937, 0.9804725050926208, 0.9715293049812317, 0.9858728051185608, 0.9763584136962891, 0.9842212200164795, 0.9741789698600769, 0.9911078810691833, 0.9999998807907104]]}, {"round": 6, "client_ids": [0, 1, 2, 3, 4, 5, 6, 7, 8, 9], "matrix": [[1.0000001192092896, 0.9759588837623596, 0.9626932144165039, 0.9791498780250549, 0.9770079255104065, 0.9774819612503052, 0.9683718085289001, 0.9753819108009338, 0.9760044813156128, 0.9734982848167419], [0.9759588837623596, 1.0000001192092896, 0.9627154469490051, 0.9699599146842957, 0.9577441811561584, 0.9759979248046875, 0.9618914723396301, 0.9714786410331726, 0.962766170501709, 0.9675542116165161], [0.9626932144165039, 0.9627154469490051, 0.9999999403953552, 0.9767969846725464, 0.9447426795959473, 0.9620229601860046, 0.9591985940933228, 0.9645611047744751, 0.9588472843170166, 0.9635534286499023], [0.9791498780250549, 0.9699599146842957, 0.9767969846725464, 0.9999998807907104, 0.9555790424346924, 0.9698006510734558, 0.9713825583457947, 0.9766708612442017, 0.9552493095397949, 0.9674289226531982], [0.9770079255104065, 0.9577441811561584, 0.9447426795959473, 0.9555790424346924, 0.9999998807907104, 0.9601918458938599, 0.962723970413208, 0.9510087966918945, 0.9820449352264404, 0.9797554612159729], [0.9774819612503052, 0.9759979248046875, 0.9620229601860046, 0.9698006510734558, 0.9601918458938599, 1.0000001192092896, 0.9638953804969788, 0.972530722618103, 0.9651625752449036, 0.9585028290748596], [0.9683718085289001, 0.9618914723396301, 0.9591985940933228, 0.9713825583457947, 0.962723970413208, 0.9638953804969788, 0.9999998807907104, 0.9514501094818115, 0.9666709899902344, 0.9751440286636353], [0.9753819108009338, 0.9714786410331726, 0.9645611047744751, 0.9766708612442017, 0.9510087966918945, 0.972530722618103, 0.9514501094818115, 0.9999998807907104, 0.9524467587471008, 0.9581906795501709], [0.9760044813156128, 0.962766170501709, 0.9588472843170166, 0.9552493095397949, 0.9820449352264404, 0.9651625752449036, 0.9666709899902344, 0.9524467587471008, 0.9999998211860657, 0.983377993106842], [0.9734982848167419, 0.9675542116165161, 0.9635534286499023, 0.9674289226531982, 0.9797554612159729, 0.9585028290748596, 0.9751440286636353, 0.9581906795501709, 0.983377993106842, 0.9999999403953552]]}, {"round": 7, "client_ids": [0, 1, 2, 3, 4, 5, 6, 7, 8, 9], "matrix": [[1.0000001192092896, 0.9762442708015442, 0.963558554649353, 0.9750107526779175, 0.9714296460151672, 0.9790768027305603, 0.9573620557785034, 0.97368985414505, 0.9767686128616333, 0.9717236161231995], [0.9762442708015442, 0.9999999403953552, 0.958202064037323, 0.9705341458320618, 0.9531141519546509, 0.9680105447769165, 0.9546058773994446, 0.9672810435295105, 0.9652342796325684, 0.9616518020629883], [0.963558554649353, 0.958202064037323, 1.0000001192092896, 0.9753435850143433, 0.9424233436584473, 0.9658418893814087, 0.9599083662033081, 0.9686020016670227, 0.9622390270233154, 0.9685543775558472], [0.9750107526779175, 0.9705341458320618, 0.9753435850143433, 1.0000001192092896, 0.9554352760314941, 0.9661456346511841, 0.967340886592865, 0.9786478281021118, 0.9661089181900024, 0.9763308763504028], [0.9714296460151672, 0.9531141519546509, 0.9424233436584473, 0.9554352760314941, 1.0, 0.9627954363822937, 0.9509867429733276, 0.952399730682373, 0.9731151461601257, 0.9686765074729919], [0.9790768027305603, 0.9680105447769165, 0.9658418893814087, 0.9661456346511841, 0.9627954363822937, 0.9999998211860657, 0.9608370661735535, 0.9703124761581421, 0.9760538935661316, 0.964793860912323], [0.9573620557785034, 0.9546058773994446, 0.9599083662033081, 0.967340886592865, 0.9509867429733276, 0.9608370661735535, 1.0000001192092896, 0.9536588788032532, 0.9632357954978943, 0.9788211584091187], [0.97368985414505, 0.9672810435295105, 0.9686020016670227, 0.9786478281021118, 0.952399730682373, 0.9703124761581421, 0.9536588788032532, 1.0, 0.9630765914916992, 0.9709447622299194], [0.9767686128616333, 0.9652342796325684, 0.9622390270233154, 0.9661089181900024, 0.9731151461601257, 0.9760538935661316, 0.9632357954978943, 0.9630765914916992, 1.0000001192092896, 0.9771930575370789], [0.9717236161231995, 0.9616518020629883, 0.9685543775558472, 0.9763308763504028, 0.9686765074729919, 0.964793860912323, 0.9788211584091187, 0.9709447622299194, 0.9771930575370789, 0.9999998807907104]]}]}