{"dataset": ["COLLAB"], "num_clients": 20, "total_rounds_recorded": 100, "history": [{"round": 1, "client_ids": [0, 1, 2, 3, 4, 5, 6, 7, 8, 9, 10, 11, 12, 13, 14, 15, 16, 17, 18, 19], "matrix": [[1.0000001192092896, 0.3736150562763214, 0.41433241963386536, 0.33451420068740845, 0.2779860198497772, 0.3635746240615845, 0.35584667325019836, 0.3250150978565216, 0.257574200630188, 0.4023214280605316, 0.2651149332523346, 0.5081353187561035, 0.40337541699409485, 0.4051937460899353, 0.36611291766166687, 0.5321219563484192, 0.4613557755947113, 0.3166603744029999, 0.35180678963661194, 0.425101101398468], [0.3736150562763214, 0.9999999403953552, 0.4032300114631653, 0.4809499680995941, 0.3135777413845062, 0.3199256658554077, 0.20858719944953918, 0.4484713077545166, 0.46762657165527344, 0.38797998428344727, 0.358349472284317, 0.3638228476047516, 0.37311455607414246, 0.4278866946697235, 0.3372499644756317, 0.4318043887615204, 0.30025404691696167, 0.33155500888824463, 0.3612076938152313, 0.4078180193901062], [0.41433241963386536, 0.4032300114631653, 1.0000001192092896, 0.2451472282409668, 0.2700995206832886, 0.2500292956829071, 0.18494220077991486, 0.3825874924659729, 0.3455171287059784, 0.3514000475406647, 0.40961623191833496, 0.348895400762558, 0.42621129751205444, 0.3174898624420166, 0.27460387349128723, 0.31009483337402344, 0.35924631357192993, 0.2605101764202118, 0.21340131759643555, 0.445522665977478], [0.33451420068740845, 0.4809499680995941, 0.2451472282409668, 1.0, 0.3011138439178467, 0.5029292106628418, 0.3204091787338257, 0.4112035930156708, 0.5054787397384644, 0.39680716395378113, 0.28473037481307983, 0.47134074568748474, 0.3091787099838257, 0.5639894604682922, 0.4416368305683136, 0.39727717638015747, 0.4716868996620178, 0.4285886287689209, 0.4624967575073242, 0.2965429425239563], [0.2779860198497772, 0.3135777413845062, 0.2700995206832886, 0.3011138439178467, 0.9999997615814209, 0.45577746629714966, 0.28520676493644714, 0.4333380162715912, 0.3291451334953308, 0.4268932342529297, 0.5293710827827454, 0.32459065318107605, 0.3457968831062317, 0.4055662155151367, 0.2583174705505371, 0.4037531316280365, 0.38753291964530945, 0.4568803012371063, 0.43100637197494507, 0.429837703704834], [0.3635746240615845, 0.3199256658554077, 0.2500292956829071, 0.5029292106628418, 0.45577746629714966, 1.0, 0.28649887442588806, 0.4592879116535187, 0.4164668917655945, 0.2927314341068268, 0.35168108344078064, 0.4872676432132721, 0.36828774213790894, 0.34235167503356934, 0.42269355058670044, 0.40986230969429016, 0.3155900537967682, 0.48458340764045715, 0.34448686242103577, 0.4099448323249817], [0.35584667325019836, 0.20858719944953918, 0.18494220077991486, 0.3204091787338257, 0.28520676493644714, 0.28649887442588806, 0.9999998211860657, 0.46982279419898987, 0.25984013080596924, 0.2620467245578766, 0.30148008465766907, 0.43572643399238586, 0.31144899129867554, 0.3740583062171936, 0.22977803647518158, 0.41917794942855835, 0.49403074383735657, 0.24233531951904297, 0.45793819427490234, 0.39926719665527344], [0.3250150978565216, 0.4484713077545166, 0.3825874924659729, 0.4112035930156708, 0.4333380162715912, 0.4592879116535187, 0.46982279419898987, 0.9999999403953552, 0.2867209017276764, 0.41575539112091064, 0.3003050982952118, 0.4437556862831116, 0.4161948263645172, 0.3671914041042328, 0.5126579403877258, 0.4159092605113983, 0.5029594302177429, 0.30818718671798706, 0.40385138988494873, 0.4927787482738495], [0.257574200630188, 0.46762657165527344, 0.3455171287059784, 0.5054787397384644, 0.3291451334953308, 0.4164668917655945, 0.25984013080596924, 0.2867209017276764, 1.0, 0.3418843746185303, 0.3739977180957794, 0.5300936698913574, 0.3649314045906067, 0.32095569372177124, 0.2921624183654785, 0.3810233473777771, 0.33964282274246216, 0.5084505081176758, 0.268098920583725, 0.3370553255081177], [0.4023214280605316, 0.38797998428344727, 0.3514000475406647, 0.39680716395378113, 0.4268932342529297, 0.2927314341068268, 0.2620467245578766, 0.41575539112091064, 0.3418843746185303, 0.9999998211860657, 0.3389723002910614, 0.4773562550544739, 0.2566397190093994, 0.2803722620010376, 0.3927837610244751, 0.4417821168899536, 0.39412111043930054, 0.45409849286079407, 0.5825483798980713, 0.4341109097003937], [0.2651149332523346, 0.358349472284317, 0.40961623191833496, 0.28473037481307983, 0.5293710827827454, 0.35168108344078064, 0.30148008465766907, 0.3003050982952118, 0.3739977180957794, 0.3389723002910614, 1.0000001192092896, 0.41922271251678467, 0.2550068199634552, 0.36268994212150574, 0.328201562166214, 0.33774223923683167, 0.3591889441013336, 0.29079070687294006, 0.3450429439544678, 0.42899033427238464], [0.5081353187561035, 0.3638228476047516, 0.348895400762558, 0.47134074568748474, 0.32459065318107605, 0.4872676432132721, 0.43572643399238586, 0.4437556862831116, 0.5300936698913574, 0.4773562550544739, 0.41922271251678467, 0.9999998807907104, 0.38286030292510986, 0.37072116136550903, 0.35479894280433655, 0.5191847681999207, 0.43222540616989136, 0.34308362007141113, 0.3697678744792938, 0.4026639759540558], [0.40337541699409485, 0.37311455607414246, 0.42621129751205444, 0.3091787099838257, 0.3457968831062317, 0.36828774213790894, 0.31144899129867554, 0.4161948263645172, 0.3649314045906067, 0.2566397190093994, 0.2550068199634552, 0.38286030292510986, 0.9999997615814209, 0.3102439045906067, 0.21741941571235657, 0.38243547081947327, 0.47463709115982056, 0.3920601010322571, 0.1707863211631775, 0.262703001499176], [0.4051937460899353, 0.4278866946697235, 0.3174898624420166, 0.5639894604682922, 0.4055662155151367, 0.34235167503356934, 0.3740583062171936, 0.3671914041042328, 0.32095569372177124, 0.2803722620010376, 0.36268994212150574, 0.37072116136550903, 0.3102439045906067, 1.000000238418579, 0.3418829143047333, 0.34719380736351013, 0.39655596017837524, 0.25369277596473694, 0.3862576484680176, 0.5072667598724365], [0.36611291766166687, 0.3372499644756317, 0.27460387349128723, 0.4416368305683136, 0.2583174705505371, 0.42269355058670044, 0.22977803647518158, 0.5126579403877258, 0.2921624183654785, 0.3927837610244751, 0.328201562166214, 0.35479894280433655, 0.21741941571235657, 0.3418829143047333, 0.9999999403953552, 0.41314896941185, 0.45655176043510437, 0.4387919008731842, 0.38598600029945374, 0.4598703682422638], [0.5321219563484192, 0.4318043887615204, 0.31009483337402344, 0.39727717638015747, 0.4037531316280365, 0.40986230969429016, 0.41917794942855835, 0.4159092605113983, 0.3810233473777771, 0.4417821168899536, 0.33774223923683167, 0.5191847681999207, 0.38243547081947327, 0.34719380736351013, 0.41314896941185, 1.0, 0.4326406717300415, 0.4437773525714874, 0.4231928884983063, 0.44992515444755554], [0.4613557755947113, 0.30025404691696167, 0.35924631357192993, 0.4716868996620178, 0.38753291964530945, 0.3155900537967682, 0.49403074383735657, 0.5029594302177429, 0.33964282274246216, 0.39412111043930054, 0.3591889441013336, 0.43222540616989136, 0.47463709115982056, 0.39655596017837524, 0.45655176043510437, 0.4326406717300415, 0.9999999403953552, 0.34136712551116943, 0.33620020747184753, 0.47224509716033936], [0.3166603744029999, 0.33155500888824463, 0.2605101764202118, 0.4285886287689209, 0.4568803012371063, 0.48458340764045715, 0.24233531951904297, 0.30818718671798706, 0.5084505081176758, 0.45409849286079407, 0.29079070687294006, 0.34308362007141113, 0.3920601010322571, 0.25369277596473694, 0.4387919008731842, 0.4437773525714874, 0.34136712551116943, 1.0000001192092896, 0.329806387424469, 0.4320279359817505], [0.35180678963661194, 0.3612076938152313, 0.21340131759643555, 0.4624967575073242, 0.43100637197494507, 0.34448686242103577, 0.45793819427490234, 0.40385138988494873, 0.268098920583725, 0.5825483798980713, 0.3450429439544678, 0.3697678744792938, 0.1707863211631775, 0.3862576484680176, 0.38598600029945374, 0.4231928884983063, 0.33620020747184753, 0.329806387424469, 0.9999998211860657, 0.32517164945602417], [0.425101101398468, 0.4078180193901062, 0.445522665977478, 0.2965429425239563, 0.429837703704834, 0.4099448323249817, 0.39926719665527344, 0.4927787482738495, 0.3370553255081177, 0.4341109097003937, 0.42899033427238464, 0.4026639759540558, 0.262703001499176, 0.5072667598724365, 0.4598703682422638, 0.44992515444755554, 0.47224509716033936, 0.4320279359817505, 0.32517164945602417, 0.9999999403953552]]}, {"round": 2, "client_ids": [0, 1, 2, 3, 4, 5, 6, 7, 8, 9, 10, 11, 12, 13, 14, 15, 16, 17, 18, 19], "matrix": [[1.0, 0.6811006665229797, 0.8359772562980652, 0.7909613251686096, 0.8519603610038757, 0.8114315271377563, 0.8296173810958862, 0.8668104410171509, 0.7829999923706055, 0.8847118616104126, 0.6448614597320557, 0.7814071178436279, 0.8581439852714539, 0.8733027577400208, 0.7581379413604736, 0.768683135509491, 0.8232954144477844, 0.8154096007347107, 0.8686838150024414, 0.8032628893852234], [0.6811006665229797, 0.9999999403953552, 0.5960754752159119, 0.6795846819877625, 0.6535196900367737, 0.7186756134033203, 0.6539658308029175, 0.7013514041900635, 0.577966034412384, 0.6196064352989197, 0.6659466028213501, 0.5706464052200317, 0.60684734582901, 0.6384725570678711, 0.7260991930961609, 0.5259148478507996, 0.6132448315620422, 0.6601777076721191, 0.7108650803565979, 0.6292819380760193], [0.8359772562980652, 0.5960754752159119, 0.9999999403953552, 0.7535526156425476, 0.8881826996803284, 0.8430949449539185, 0.7942174673080444, 0.7541994452476501, 0.8149237632751465, 0.8719488978385925, 0.6054515838623047, 0.8268102407455444, 0.9351279735565186, 0.8765289187431335, 0.7317464351654053, 0.8111231923103333, 0.8607207536697388, 0.9006818532943726, 0.7611355185508728, 0.8211348056793213], [0.7909613251686096, 0.6795846819877625, 0.7535526156425476, 1.0, 0.81047523021698, 0.8141498565673828, 0.7860909700393677, 0.7735251188278198, 0.7816309332847595, 0.7763569355010986, 0.784411609172821, 0.786257266998291, 0.7410298585891724, 0.7704389691352844, 0.9085878133773804, 0.7454285025596619, 0.8228290677070618, 0.8086773753166199, 0.7629500031471252, 0.7994056344032288], [0.8519603610038757, 0.6535196900367737, 0.8881826996803284, 0.81047523021698, 0.9999999403953552, 0.902530312538147, 0.8842505812644958, 0.8713508248329163, 0.8571152091026306, 0.8844369649887085, 0.6862365007400513, 0.8610620498657227, 0.9192666411399841, 0.906321108341217, 0.8083122372627258, 0.8337860107421875, 0.8946106433868408, 0.9442970752716064, 0.8654826283454895, 0.8605815768241882], [0.8114315271377563, 0.7186756134033203, 0.8430949449539185, 0.8141498565673828, 0.902530312538147, 1.0, 0.8664389848709106, 0.8163105249404907, 0.7818279266357422, 0.8748589158058167, 0.6839151978492737, 0.772730827331543, 0.8710958361625671, 0.8381326794624329, 0.8306309580802917, 0.7372843027114868, 0.8905409574508667, 0.9162176251411438, 0.8357161283493042, 0.8116465210914612], [0.8296173810958862, 0.6539658308029175, 0.7942174673080444, 0.7860909700393677, 0.8842505812644958, 0.8664389848709106, 1.0, 0.8254878520965576, 0.8215607404708862, 0.8392233848571777, 0.6376263499259949, 0.8285344839096069, 0.8392771482467651, 0.8560250401496887, 0.8193801641464233, 0.8200617432594299, 0.8654207587242126, 0.8796628713607788, 0.8614271879196167, 0.8262306451797485], [0.8668104410171509, 0.7013514041900635, 0.7541994452476501, 0.7735251188278198, 0.8713508248329163, 0.8163105249404907, 0.8254878520965576, 1.0, 0.7738270163536072, 0.7922342419624329, 0.6819646954536438, 0.7676994800567627, 0.8006492853164673, 0.8807405233383179, 0.7722787261009216, 0.7306969165802002, 0.7840474843978882, 0.8338371515274048, 0.8479268550872803, 0.7848005294799805], [0.7829999923706055, 0.577966034412384, 0.8149237632751465, 0.7816309332847595, 0.8571152091026306, 0.7818279266357422, 0.8215607404708862, 0.7738270163536072, 0.9999998807907104, 0.8430608510971069, 0.5851528644561768, 0.9569729566574097, 0.8491252660751343, 0.8594629168510437, 0.7535334229469299, 0.9571093916893005, 0.850176990032196, 0.8471413850784302, 0.7824283242225647, 0.9326674342155457], [0.8847118616104126, 0.6196064352989197, 0.8719488978385925, 0.7763569355010986, 0.8844369649887085, 0.8748589158058167, 0.8392233848571777, 0.7922342419624329, 0.8430608510971069, 1.000000238418579, 0.6344472765922546, 0.8437214493751526, 0.930077314376831, 0.8572108745574951, 0.7374261617660522, 0.8379064798355103, 0.8876784443855286, 0.8779584765434265, 0.8504519462585449, 0.8463406562805176], [0.6448614597320557, 0.6659466028213501, 0.6054515838623047, 0.784411609172821, 0.6862365007400513, 0.6839151978492737, 0.6376263499259949, 0.6819646954536438, 0.5851528644561768, 0.6344472765922546, 1.0, 0.5981942415237427, 0.633477509021759, 0.6467673778533936, 0.7334046363830566, 0.5353857278823853, 0.6282823085784912, 0.6673954129219055, 0.6462005376815796, 0.58964604139328], [0.7814071178436279, 0.5706464052200317, 0.8268102407455444, 0.786257266998291, 0.8610620498657227, 0.772730827331543, 0.8285344839096069, 0.7676994800567627, 0.9569729566574097, 0.8437214493751526, 0.5981942415237427, 0.9999998807907104, 0.8584451675415039, 0.8690085411071777, 0.7602725625038147, 0.9534872174263, 0.8623179793357849, 0.8435766100883484, 0.7835766673088074, 0.9367583990097046], [0.8581439852714539, 0.60684734582901, 0.9351279735565186, 0.7410298585891724, 0.9192666411399841, 0.8710958361625671, 0.8392771482467651, 0.8006492853164673, 0.8491252660751343, 0.930077314376831, 0.633477509021759, 0.8584451675415039, 0.9999999403953552, 0.913557231426239, 0.723692774772644, 0.8471189141273499, 0.8968055844306946, 0.904229998588562, 0.8443442583084106, 0.866755485534668], [0.8733027577400208, 0.6384725570678711, 0.8765289187431335, 0.7704389691352844, 0.906321108341217, 0.8381326794624329, 0.8560250401496887, 0.8807405233383179, 0.8594629168510437, 0.8572108745574951, 0.6467673778533936, 0.8690085411071777, 0.913557231426239, 0.9999998807907104, 0.7810912132263184, 0.8484381437301636, 0.8897932171821594, 0.877936840057373, 0.8337604403495789, 0.8779582977294922], [0.7581379413604736, 0.7260991930961609, 0.7317464351654053, 0.9085878133773804, 0.8083122372627258, 0.8306309580802917, 0.8193801641464233, 0.7722787261009216, 0.7535334229469299, 0.7374261617660522, 0.7334046363830566, 0.7602725625038147, 0.723692774772644, 0.7810912132263184, 1.0000001192092896, 0.7419864535331726, 0.8053248524665833, 0.8172957301139832, 0.7359293103218079, 0.8012760877609253], [0.768683135509491, 0.5259148478507996, 0.8111231923103333, 0.7454285025596619, 0.8337860107421875, 0.7372843027114868, 0.8200617432594299, 0.7306969165802002, 0.9571093916893005, 0.8379064798355103, 0.5353857278823853, 0.9534872174263, 0.8471189141273499, 0.8484381437301636, 0.7419864535331726, 1.0000001192092896, 0.8410285711288452, 0.8284030556678772, 0.7516107559204102, 0.9321085810661316], [0.8232954144477844, 0.6132448315620422, 0.8607207536697388, 0.8228290677070618, 0.8946106433868408, 0.8905409574508667, 0.8654207587242126, 0.7840474843978882, 0.850176990032196, 0.8876784443855286, 0.6282823085784912, 0.8623179793357849, 0.8968055844306946, 0.8897932171821594, 0.8053248524665833, 0.8410285711288452, 0.9999997615814209, 0.8962835669517517, 0.8423542380332947, 0.8620484471321106], [0.8154096007347107, 0.6601777076721191, 0.9006818532943726, 0.8086773753166199, 0.9442970752716064, 0.9162176251411438, 0.8796628713607788, 0.8338371515274048, 0.8471413850784302, 0.8779584765434265, 0.6673954129219055, 0.8435766100883484, 0.904229998588562, 0.877936840057373, 0.8172957301139832, 0.8284030556678772, 0.8962835669517517, 1.0, 0.8396790027618408, 0.8266058564186096], [0.8686838150024414, 0.7108650803565979, 0.7611355185508728, 0.7629500031471252, 0.8654826283454895, 0.8357161283493042, 0.8614271879196167, 0.8479268550872803, 0.7824283242225647, 0.8504519462585449, 0.6462005376815796, 0.7835766673088074, 0.8443442583084106, 0.8337604403495789, 0.7359293103218079, 0.7516107559204102, 0.8423542380332947, 0.8396790027618408, 0.9999997615814209, 0.8046778440475464], [0.8032628893852234, 0.6292819380760193, 0.8211348056793213, 0.7994056344032288, 0.8605815768241882, 0.8116465210914612, 0.8262306451797485, 0.7848005294799805, 0.9326674342155457, 0.8463406562805176, 0.58964604139328, 0.9367583990097046, 0.866755485534668, 0.8779582977294922, 0.8012760877609253, 0.9321085810661316, 0.8620484471321106, 0.8266058564186096, 0.8046778440475464, 1.0]]}, {"round": 3, "client_ids": [0, 1, 2, 3, 4, 5, 6, 7, 8, 9, 10, 11, 12, 13, 14, 15, 16, 17, 18, 19], "matrix": [[1.0000001192092896, 0.3450695872306824, 0.9279223680496216, 0.5532730221748352, 0.7253907918930054, 0.5167288780212402, 0.6603570580482483, 0.5533245205879211, 0.7093604207038879, 0.9412392973899841, 0.4463281035423279, 0.8814899921417236, 0.9442099332809448, 0.8402648568153381, 0.589134156703949, 0.9257541298866272, 0.9084574580192566, 0.8381592631340027, 0.5010291337966919, 0.7129002809524536], [0.3450695872306824, 1.0000001192092896, 0.270891398191452, 0.6967076063156128, 0.5620435476303101, 0.752558708190918, 0.6193574070930481, 0.6998224258422852, 0.7250882387161255, 0.3671504259109497, 0.7029424905776978, 0.4843188226222992, 0.30851149559020996, 0.5341219305992126, 0.6324201226234436, 0.4455544352531433, 0.25396406650543213, 0.4804078936576843, 0.7239300012588501, 0.6998065114021301], [0.9279223680496216, 0.270891398191452, 0.9999999403953552, 0.45377254486083984, 0.7141039371490479, 0.4513053596019745, 0.5499424934387207, 0.4342353045940399, 0.6483489274978638, 0.9149121046066284, 0.3649199306964874, 0.8459869027137756, 0.9553061723709106, 0.8037485480308533, 0.5542740225791931, 0.8927132487297058, 0.9147451519966125, 0.8385295867919922, 0.39266014099121094, 0.6334676742553711], [0.5532730221748352, 0.6967076063156128, 0.45377254486083984, 1.0, 0.7045235633850098, 0.8133512139320374, 0.7413105964660645, 0.8393248319625854, 0.7807797789573669, 0.5436810851097107, 0.8379944562911987, 0.6404247283935547, 0.5086570382118225, 0.6799932718276978, 0.776871919631958, 0.6102060675621033, 0.456620454788208, 0.7194236516952515, 0.7691723704338074, 0.796698808670044], [0.7253907918930054, 0.5620435476303101, 0.7141039371490479, 0.7045235633850098, 1.000000238418579, 0.714834988117218, 0.5825695395469666, 0.6063865423202515, 0.7666425108909607, 0.7662702202796936, 0.5656704306602478, 0.8033674955368042, 0.7524194717407227, 0.746255099773407, 0.8164590001106262, 0.8274216651916504, 0.7786577939987183, 0.8439586162567139, 0.5720956325531006, 0.7756888270378113], [0.5167288780212402, 0.752558708190918, 0.4513053596019745, 0.8133512139320374, 0.714834988117218, 1.0000001192092896, 0.6609774231910706, 0.7423855662345886, 0.8009833097457886, 0.5168202519416809, 0.6774149537086487, 0.6827261447906494, 0.4826793968677521, 0.5997616648674011, 0.7074083685874939, 0.6152795553207397, 0.4507286548614502, 0.6559739708900452, 0.768185555934906, 0.8153952956199646], [0.6603570580482483, 0.6193574070930481, 0.5499424934387207, 0.7413105964660645, 0.5825695395469666, 0.6609774231910706, 0.9999998807907104, 0.8366402387619019, 0.7883361577987671, 0.60912024974823, 0.6541652679443359, 0.7417482137680054, 0.597552478313446, 0.7551477551460266, 0.5738829970359802, 0.6855157613754272, 0.5680504441261292, 0.6872131824493408, 0.8327512145042419, 0.8128221035003662], [0.5533245205879211, 0.6998224258422852, 0.4342353045940399, 0.8393248319625854, 0.6063865423202515, 0.7423855662345886, 0.8366402387619019, 1.0000001192092896, 0.7972538471221924, 0.5286247134208679, 0.7860862016677856, 0.660094678401947, 0.4828459918498993, 0.7082661390304565, 0.6698966026306152, 0.6066875457763672, 0.4273502230644226, 0.6677704453468323, 0.7904555797576904, 0.8016044497489929], [0.7093604207038879, 0.7250882387161255, 0.6483489274978638, 0.7807797789573669, 0.7666425108909607, 0.8009833097457886, 0.7883361577987671, 0.7972538471221924, 1.0, 0.7088200449943542, 0.7328577041625977, 0.8330057263374329, 0.6844481229782104, 0.8264564275741577, 0.7226660847663879, 0.7960579991340637, 0.6435333490371704, 0.7757899165153503, 0.8255748152732849, 0.9277883172035217], [0.9412392973899841, 0.3671504259109497, 0.9149121046066284, 0.5436810851097107, 0.7662702202796936, 0.5168202519416809, 0.60912024974823, 0.5286247134208679, 0.7088200449943542, 1.000000238418579, 0.47390031814575195, 0.8645075559616089, 0.952150285243988, 0.8398995995521545, 0.6320569515228271, 0.916843056678772, 0.9213036298751831, 0.86724454164505, 0.4658128619194031, 0.7126539945602417], [0.4463281035423279, 0.7029424905776978, 0.3649199306964874, 0.8379944562911987, 0.5656704306602478, 0.6774149537086487, 0.6541652679443359, 0.7860862016677856, 0.7328577041625977, 0.47390031814575195, 0.9999998807907104, 0.5401356220245361, 0.4340567886829376, 0.6203552484512329, 0.6911487579345703, 0.5165069103240967, 0.3408093750476837, 0.6212713718414307, 0.6830231547355652, 0.7118893265724182], [0.8814899921417236, 0.4843188226222992, 0.8459869027137756, 0.6404247283935547, 0.8033674955368042, 0.6827261447906494, 0.7417482137680054, 0.660094678401947, 0.8330057263374329, 0.8645075559616089, 0.5401356220245361, 0.9999999403953552, 0.8660878539085388, 0.8758531212806702, 0.7046301960945129, 0.9501654505729675, 0.8505077362060547, 0.8669791221618652, 0.6330565214157104, 0.868937075138092], [0.9442099332809448, 0.30851149559020996, 0.9553061723709106, 0.5086570382118225, 0.7524194717407227, 0.4826793968677521, 0.597552478313446, 0.4828459918498993, 0.6844481229782104, 0.952150285243988, 0.4340567886829376, 0.8660878539085388, 0.9999998807907104, 0.8527998328208923, 0.5963611006736755, 0.9224404692649841, 0.9509609937667847, 0.8713082075119019, 0.4407638609409332, 0.684877872467041], [0.8402648568153381, 0.5341219305992126, 0.8037485480308533, 0.6799932718276978, 0.746255099773407, 0.5997616648674011, 0.7551477551460266, 0.7082661390304565, 0.8264564275741577, 0.8398995995521545, 0.6203552484512329, 0.8758531212806702, 0.8527998328208923, 0.9999998807907104, 0.7076988220214844, 0.8820781707763672, 0.8045768141746521, 0.8700196743011475, 0.6267780065536499, 0.8433824777603149], [0.589134156703949, 0.6324201226234436, 0.5542740225791931, 0.776871919631958, 0.8164590001106262, 0.7074083685874939, 0.5738829970359802, 0.6698966026306152, 0.7226660847663879, 0.6320569515228271, 0.6911487579345703, 0.7046301960945129, 0.5963611006736755, 0.7076988220214844, 1.0, 0.6961272954940796, 0.5735830664634705, 0.7373256087303162, 0.5895597338676453, 0.7709428668022156], [0.9257541298866272, 0.4455544352531433, 0.8927132487297058, 0.6102060675621033, 0.8274216651916504, 0.6152795553207397, 0.6855157613754272, 0.6066875457763672, 0.7960579991340637, 0.916843056678772, 0.5165069103240967, 0.9501654505729675, 0.9224404692649841, 0.8820781707763672, 0.6961272954940796, 1.0, 0.9306255578994751, 0.91009122133255, 0.5604344010353088, 0.8232211470603943], [0.9084574580192566, 0.25396406650543213, 0.9147451519966125, 0.456620454788208, 0.7786577939987183, 0.4507286548614502, 0.5680504441261292, 0.4273502230644226, 0.6435333490371704, 0.9213036298751831, 0.3408093750476837, 0.8505077362060547, 0.9509609937667847, 0.8045768141746521, 0.5735830664634705, 0.9306255578994751, 0.9999997615814209, 0.8484043478965759, 0.4048221707344055, 0.6623420119285583], [0.8381592631340027, 0.4804078936576843, 0.8385295867919922, 0.7194236516952515, 0.8439586162567139, 0.6559739708900452, 0.6872131824493408, 0.6677704453468323, 0.7757899165153503, 0.86724454164505, 0.6212713718414307, 0.8669791221618652, 0.8713082075119019, 0.8700196743011475, 0.7373256087303162, 0.91009122133255, 0.8484043478965759, 1.0, 0.5828317999839783, 0.787460207939148], [0.5010291337966919, 0.7239300012588501, 0.39266014099121094, 0.7691723704338074, 0.5720956325531006, 0.768185555934906, 0.8327512145042419, 0.7904555797576904, 0.8255748152732849, 0.4658128619194031, 0.6830231547355652, 0.6330565214157104, 0.4407638609409332, 0.6267780065536499, 0.5895597338676453, 0.5604344010353088, 0.4048221707344055, 0.5828317999839783, 0.9999999403953552, 0.8039904832839966], [0.7129002809524536, 0.6998065114021301, 0.6334676742553711, 0.796698808670044, 0.7756888270378113, 0.8153952956199646, 0.8128221035003662, 0.8016044497489929, 0.9277883172035217, 0.7126539945602417, 0.7118893265724182, 0.868937075138092, 0.684877872467041, 0.8433824777603149, 0.7709428668022156, 0.8232211470603943, 0.6623420119285583, 0.787460207939148, 0.8039904832839966, 0.9999998211860657]]}, {"round": 4, "client_ids": [0, 1, 2, 3, 4, 5, 6, 7, 8, 9, 10, 11, 12, 13, 14, 15, 16, 17, 18, 19], "matrix": [[0.9999998807907104, 0.4933198094367981, 0.8429137468338013, 0.5787057876586914, 0.562990665435791, 0.6668961048126221, 0.7493886351585388, 0.5839938521385193, 0.7305757999420166, 0.8804657459259033, 0.5393643379211426, 0.809152364730835, 0.8759555816650391, 0.6926401853561401, 0.6117410659790039, 0.8451319336891174, 0.839045524597168, 0.6373374462127686, 0.6206645369529724, 0.7213152647018433], [0.4933198094367981, 1.0, 0.35448744893074036, 0.7610219717025757, 0.8011835217475891, 0.8166326284408569, 0.6735367774963379, 0.7896806597709656, 0.7976815700531006, 0.5091589689254761, 0.806692361831665, 0.7348051071166992, 0.39348065853118896, 0.737247109413147, 0.6863439083099365, 0.786668598651886, 0.34555917978286743, 0.7081608772277832, 0.725953221321106, 0.7697157859802246], [0.8429137468338013, 0.35448744893074036, 1.0000001192092896, 0.4172477722167969, 0.5123243927955627, 0.5032029747962952, 0.4782768487930298, 0.3932367265224457, 0.558068573474884, 0.88991379737854, 0.386544406414032, 0.6636242270469666, 0.9451029896736145, 0.6000003814697266, 0.5055407285690308, 0.7150560617446899, 0.9282512068748474, 0.5340167880058289, 0.3798738718032837, 0.5554732084274292], [0.5787057876586914, 0.7610219717025757, 0.4172477722167969, 1.0, 0.8102444410324097, 0.8598470687866211, 0.7758550047874451, 0.8637222647666931, 0.7752833366394043, 0.590053141117096, 0.7750710844993591, 0.7428687810897827, 0.4935051202774048, 0.867702305316925, 0.7738602757453918, 0.8265273571014404, 0.44742321968078613, 0.8295746445655823, 0.8416320085525513, 0.8081842660903931], [0.562990665435791, 0.8011835217475891, 0.5123243927955627, 0.8102444410324097, 1.0000001192092896, 0.8154054284095764, 0.5816484093666077, 0.7520029544830322, 0.724234938621521, 0.6609591245651245, 0.7572919726371765, 0.7425230145454407, 0.5725559592247009, 0.7496846318244934, 0.7055402994155884, 0.8183063864707947, 0.5662451982498169, 0.7692184448242188, 0.6818584203720093, 0.745305597782135], [0.6668961048126221, 0.8166326284408569, 0.5032029747962952, 0.8598470687866211, 0.8154054284095764, 0.9999999403953552, 0.7575442790985107, 0.829609215259552, 0.8544812798500061, 0.6278615593910217, 0.8007015585899353, 0.8664067387580872, 0.5888370275497437, 0.8259892463684082, 0.8179267048835754, 0.8790172934532166, 0.5332742929458618, 0.8355681300163269, 0.864933431148529, 0.8698253035545349], [0.7493886351585388, 0.6735367774963379, 0.4782768487930298, 0.7758550047874451, 0.5816484093666077, 0.7575442790985107, 1.0, 0.8037393093109131, 0.8354483246803284, 0.6651704907417297, 0.6480026841163635, 0.8232330083847046, 0.5850103497505188, 0.7846155166625977, 0.6663079261779785, 0.8336849212646484, 0.5169423222541809, 0.7226902842521667, 0.7985026836395264, 0.8407306671142578], [0.5839938521385193, 0.7896806597709656, 0.3932367265224457, 0.8637222647666931, 0.7520029544830322, 0.829609215259552, 0.8037393093109131, 0.9999997615814209, 0.7640959620475769, 0.6159823536872864, 0.7716507315635681, 0.7425387501716614, 0.4822913110256195, 0.8037562370300293, 0.7975415587425232, 0.805631697177887, 0.4285460412502289, 0.8289056420326233, 0.746971070766449, 0.7803292274475098], [0.7305757999420166, 0.7976815700531006, 0.558068573474884, 0.7752833366394043, 0.724234938621521, 0.8544812798500061, 0.8354483246803284, 0.7640959620475769, 1.0000001192092896, 0.7102466821670532, 0.7262136340141296, 0.9023587703704834, 0.6455286145210266, 0.8212553858757019, 0.6723427176475525, 0.9237563014030457, 0.5992684364318848, 0.7409511208534241, 0.822563886642456, 0.9350429177284241], [0.8804657459259033, 0.5091589689254761, 0.88991379737854, 0.590053141117096, 0.6609591245651245, 0.6278615593910217, 0.6651704907417297, 0.6159823536872864, 0.7102466821670532, 1.0, 0.5547019839286804, 0.7732782959938049, 0.93423992395401, 0.7469204664230347, 0.5989636182785034, 0.8281073570251465, 0.889866292476654, 0.6900689601898193, 0.518029510974884, 0.7006440162658691], [0.5393643379211426, 0.806692361831665, 0.386544406414032, 0.7750710844993591, 0.7572919726371765, 0.8007015585899353, 0.6480026841163635, 0.7716507315635681, 0.7262136340141296, 0.5547019839286804, 0.9999998807907104, 0.6598162651062012, 0.4711992144584656, 0.7522172927856445, 0.8038185238838196, 0.7401242256164551, 0.4054257571697235, 0.7402192950248718, 0.7079441547393799, 0.7135636806488037], [0.809152364730835, 0.7348051071166992, 0.6636242270469666, 0.7428687810897827, 0.7425230145454407, 0.8664067387580872, 0.8232330083847046, 0.7425387501716614, 0.9023587703704834, 0.7732782959938049, 0.6598162651062012, 0.9999999403953552, 0.7298286557197571, 0.8149691820144653, 0.7185441851615906, 0.9360806941986084, 0.7031474113464355, 0.7488718628883362, 0.7954052686691284, 0.9112867712974548], [0.8759555816650391, 0.39348065853118896, 0.9451029896736145, 0.4935051202774048, 0.5725559592247009, 0.5888370275497437, 0.5850103497505188, 0.4822913110256195, 0.6455286145210266, 0.93423992395401, 0.4711992144584656, 0.7298286557197571, 0.9999998807907104, 0.6788488030433655, 0.5542684197425842, 0.7790035009384155, 0.9520012140274048, 0.6078745722770691, 0.4441928267478943, 0.636023223400116], [0.6926401853561401, 0.737247109413147, 0.6000003814697266, 0.867702305316925, 0.7496846318244934, 0.8259892463684082, 0.7846155166625977, 0.8037562370300293, 0.8212553858757019, 0.7469204664230347, 0.7522172927856445, 0.8149691820144653, 0.6788488030433655, 1.0, 0.7624391317367554, 0.8605244159698486, 0.6025030612945557, 0.8126029372215271, 0.7405836582183838, 0.8212159872055054], [0.6117410659790039, 0.6863439083099365, 0.5055407285690308, 0.7738602757453918, 0.7055402994155884, 0.8179267048835754, 0.6663079261779785, 0.7975415587425232, 0.6723427176475525, 0.5989636182785034, 0.8038185238838196, 0.7185441851615906, 0.5542684197425842, 0.7624391317367554, 0.9999999403953552, 0.7499970197677612, 0.49378636479377747, 0.7868698835372925, 0.6757727265357971, 0.7313680648803711], [0.8451319336891174, 0.786668598651886, 0.7150560617446899, 0.8265273571014404, 0.8183063864707947, 0.8790172934532166, 0.8336849212646484, 0.805631697177887, 0.9237563014030457, 0.8281073570251465, 0.7401242256164551, 0.9360806941986084, 0.7790035009384155, 0.8605244159698486, 0.7499970197677612, 1.0, 0.7519116401672363, 0.8143096566200256, 0.8049986958503723, 0.914677083492279], [0.839045524597168, 0.34555917978286743, 0.9282512068748474, 0.44742321968078613, 0.5662451982498169, 0.5332742929458618, 0.5169423222541809, 0.4285460412502289, 0.5992684364318848, 0.889866292476654, 0.4054257571697235, 0.7031474113464355, 0.9520012140274048, 0.6025030612945557, 0.49378636479377747, 0.7519116401672363, 0.9999998211860657, 0.5431071519851685, 0.41371169686317444, 0.6059408783912659], [0.6373374462127686, 0.7081608772277832, 0.5340167880058289, 0.8295746445655823, 0.7692184448242188, 0.8355681300163269, 0.7226902842521667, 0.8289056420326233, 0.7409511208534241, 0.6900689601898193, 0.7402192950248718, 0.7488718628883362, 0.6078745722770691, 0.8126029372215271, 0.7868698835372925, 0.8143096566200256, 0.5431071519851685, 1.0000001192092896, 0.7622371912002563, 0.7727285623550415], [0.6206645369529724, 0.725953221321106, 0.3798738718032837, 0.8416320085525513, 0.6818584203720093, 0.864933431148529, 0.7985026836395264, 0.746971070766449, 0.822563886642456, 0.518029510974884, 0.7079441547393799, 0.7954052686691284, 0.4441928267478943, 0.7405836582183838, 0.6757727265357971, 0.8049986958503723, 0.41371169686317444, 0.7622371912002563, 1.0, 0.8132317066192627], [0.7213152647018433, 0.7697157859802246, 0.5554732084274292, 0.8081842660903931, 0.745305597782135, 0.8698253035545349, 0.8407306671142578, 0.7803292274475098, 0.9350429177284241, 0.7006440162658691, 0.7135636806488037, 0.9112867712974548, 0.636023223400116, 0.8212159872055054, 0.7313680648803711, 0.914677083492279, 0.6059408783912659, 0.7727285623550415, 0.8132317066192627, 0.9999999403953552]]}, {"round": 5, "client_ids": [0, 1, 2, 3, 4, 5, 6, 7, 8, 9, 10, 11, 12, 13, 14, 15, 16, 17, 18, 19], "matrix": [[0.9999999403953552, 0.6435136795043945, 0.8602253794670105, 0.665043294429779, 0.5829553008079529, 0.8026826977729797, 0.6911120414733887, 0.6670020222663879, 0.8110408186912537, 0.8521884083747864, 0.6329453587532043, 0.8067148923873901, 0.9229171276092529, 0.6901665925979614, 0.6763216257095337, 0.8348345160484314, 0.8149499297142029, 0.6952645182609558, 0.6995573043823242, 0.7935914993286133], [0.6435136795043945, 0.9999998211860657, 0.5101981163024902, 0.7813506722450256, 0.832628607749939, 0.8448895812034607, 0.7101688385009766, 0.8177916407585144, 0.8117659687995911, 0.6647420525550842, 0.8199079036712646, 0.7876333594322205, 0.598577618598938, 0.848531186580658, 0.8046228289604187, 0.8581504225730896, 0.5510437488555908, 0.8031913042068481, 0.8125048279762268, 0.79753577709198], [0.8602253794670105, 0.5101981163024902, 1.0000001192092896, 0.545550525188446, 0.5213286876678467, 0.6648534536361694, 0.46265149116516113, 0.5144854784011841, 0.6856092214584351, 0.8298417925834656, 0.5331254601478577, 0.6445658802986145, 0.9442406892776489, 0.635949969291687, 0.564128577709198, 0.7195805311203003, 0.889578640460968, 0.6116163730621338, 0.5438839197158813, 0.6858359575271606], [0.665043294429779, 0.7813506722450256, 0.545550525188446, 0.9999998211860657, 0.7438455820083618, 0.8698359131813049, 0.8301367163658142, 0.8971006870269775, 0.8200616836547852, 0.7660005688667297, 0.8397172093391418, 0.7595659494400024, 0.6210974454879761, 0.8579631447792053, 0.821715772151947, 0.8334203362464905, 0.5553136467933655, 0.8577085137367249, 0.8452192544937134, 0.823874294757843], [0.5829553008079529, 0.832628607749939, 0.5213286876678467, 0.7438455820083618, 0.9999999403953552, 0.7768951058387756, 0.576941192150116, 0.7990546226501465, 0.7411580681800842, 0.677315890789032, 0.7251889109611511, 0.7206358313560486, 0.6044410467147827, 0.8528883457183838, 0.7131576538085938, 0.7992696762084961, 0.6388692259788513, 0.8054936528205872, 0.7529790997505188, 0.7303513288497925], [0.8026826977729797, 0.8448895812034607, 0.6648534536361694, 0.8698359131813049, 0.7768951058387756, 1.0000001192092896, 0.831809937953949, 0.8871704936027527, 0.9148268699645996, 0.7924244403839111, 0.8411926627159119, 0.9057028293609619, 0.7785313725471497, 0.8935549259185791, 0.8734976649284363, 0.9348754286766052, 0.7354708909988403, 0.8930789828300476, 0.9017592072486877, 0.909204363822937], [0.6911120414733887, 0.7101688385009766, 0.46265149116516113, 0.8301367163658142, 0.576941192150116, 0.831809937953949, 1.0000001192092896, 0.8111968040466309, 0.813542902469635, 0.6820683479309082, 0.7207425832748413, 0.803562343120575, 0.6030635237693787, 0.7372055053710938, 0.7344734072685242, 0.8225823044776917, 0.5369574427604675, 0.7533192038536072, 0.8205724358558655, 0.8293799757957458], [0.6670020222663879, 0.8177916407585144, 0.5144854784011841, 0.8971006870269775, 0.7990546226501465, 0.8871704936027527, 0.8111968040466309, 1.000000238418579, 0.8147940635681152, 0.7304818630218506, 0.7992426156997681, 0.800295352935791, 0.6179646849632263, 0.8791475296020508, 0.826313853263855, 0.850818932056427, 0.5996221899986267, 0.8436546921730042, 0.7956253290176392, 0.8072688579559326], [0.8110408186912537, 0.8117659687995911, 0.6856092214584351, 0.8200616836547852, 0.7411580681800842, 0.9148268699645996, 0.813542902469635, 0.8147940635681152, 1.0000001192092896, 0.8136778473854065, 0.8056766390800476, 0.9176831245422363, 0.7869051694869995, 0.8574674129486084, 0.7703996300697327, 0.95695561170578, 0.7694638967514038, 0.8071903586387634, 0.8852649331092834, 0.9466052651405334], [0.8521884083747864, 0.6647420525550842, 0.8298417925834656, 0.7660005688667297, 0.677315890789032, 0.7924244403839111, 0.6820683479309082, 0.7304818630218506, 0.8136778473854065, 0.9999999403953552, 0.7119139432907104, 0.7550942897796631, 0.895983874797821, 0.7949011325836182, 0.6829895973205566, 0.8178213834762573, 0.7955735921859741, 0.7582398653030396, 0.7041063904762268, 0.8119187355041504], [0.6329453587532043, 0.8199079036712646, 0.5331254601478577, 0.8397172093391418, 0.7251889109611511, 0.8411926627159119, 0.7207425832748413, 0.7992426156997681, 0.8056766390800476, 0.7119139432907104, 1.0000001192092896, 0.7222757339477539, 0.626375138759613, 0.8299397230148315, 0.8488812446594238, 0.789491593837738, 0.5600443482398987, 0.8132262229919434, 0.777267575263977, 0.7648406028747559], [0.8067148923873901, 0.7876333594322205, 0.6445658802986145, 0.7595659494400024, 0.7206358313560486, 0.9057028293609619, 0.803562343120575, 0.800295352935791, 0.9176831245422363, 0.7550942897796631, 0.7222757339477539, 1.000000238418579, 0.7475171685218811, 0.8016642332077026, 0.7713862657546997, 0.9269260168075562, 0.7375732660293579, 0.7992477416992188, 0.8417290449142456, 0.9141332507133484], [0.9229171276092529, 0.598577618598938, 0.9442406892776489, 0.6210974454879761, 0.6044410467147827, 0.7785313725471497, 0.6030635237693787, 0.6179646849632263, 0.7869051694869995, 0.895983874797821, 0.626375138759613, 0.7475171685218811, 1.0000001192092896, 0.7142947316169739, 0.639436662197113, 0.8129621148109436, 0.9109651446342468, 0.6924581527709961, 0.6493356823921204, 0.7782347202301025], [0.6901665925979614, 0.848531186580658, 0.635949969291687, 0.8579631447792053, 0.8528883457183838, 0.8935549259185791, 0.7372055053710938, 0.8791475296020508, 0.8574674129486084, 0.7949011325836182, 0.8299397230148315, 0.8016642332077026, 0.7142947316169739, 0.9999999403953552, 0.8035688996315002, 0.874315619468689, 0.6875398755073547, 0.8249126672744751, 0.8428255915641785, 0.8386802077293396], [0.6763216257095337, 0.8046228289604187, 0.564128577709198, 0.821715772151947, 0.7131576538085938, 0.8734976649284363, 0.7344734072685242, 0.826313853263855, 0.7703996300697327, 0.6829895973205566, 0.8488812446594238, 0.7713862657546997, 0.639436662197113, 0.8035688996315002, 0.9999999403953552, 0.7926415801048279, 0.6212813258171082, 0.8189881443977356, 0.7660919427871704, 0.7843589186668396], [0.8348345160484314, 0.8581504225730896, 0.7195805311203003, 0.8334203362464905, 0.7992696762084961, 0.9348754286766052, 0.8225823044776917, 0.850818932056427, 0.95695561170578, 0.8178213834762573, 0.789491593837738, 0.9269260168075562, 0.8129621148109436, 0.874315619468689, 0.7926415801048279, 1.000000238418579, 0.7986174821853638, 0.8484095335006714, 0.8931562900543213, 0.9467231631278992], [0.8149499297142029, 0.5510437488555908, 0.889578640460968, 0.5553136467933655, 0.6388692259788513, 0.7354708909988403, 0.5369574427604675, 0.5996221899986267, 0.7694638967514038, 0.7955735921859741, 0.5600443482398987, 0.7375732660293579, 0.9109651446342468, 0.6875398755073547, 0.6212813258171082, 0.7986174821853638, 1.0, 0.6740860342979431, 0.6561238169670105, 0.7662836909294128], [0.6952645182609558, 0.8031913042068481, 0.6116163730621338, 0.8577085137367249, 0.8054936528205872, 0.8930789828300476, 0.7533192038536072, 0.8436546921730042, 0.8071903586387634, 0.7582398653030396, 0.8132262229919434, 0.7992477416992188, 0.6924581527709961, 0.8249126672744751, 0.8189881443977356, 0.8484095335006714, 0.6740860342979431, 1.000000238418579, 0.8701633810997009, 0.8192723393440247], [0.6995573043823242, 0.8125048279762268, 0.5438839197158813, 0.8452192544937134, 0.7529790997505188, 0.9017592072486877, 0.8205724358558655, 0.7956253290176392, 0.8852649331092834, 0.7041063904762268, 0.777267575263977, 0.8417290449142456, 0.6493356823921204, 0.8428255915641785, 0.7660919427871704, 0.8931562900543213, 0.6561238169670105, 0.8701633810997009, 0.9999999403953552, 0.87607