{"dataset": ["DD"], "num_clients": 20, "total_rounds_recorded": 100, "history": [{"round": 1, "client_ids": [0, 1, 2, 3, 4, 5, 6, 7, 8, 9, 10, 11, 12, 13, 14, 15, 16, 17, 18, 19], "matrix": [[0.9999999403953552, 0.5276422500610352, 0.33417052030563354, 0.38290005922317505, 0.2564414441585541, 0.4155043959617615, 0.4242345988750458, 0.46246108412742615, 0.3802395462989807, 0.25350940227508545, 0.3166428804397583, 0.33972564339637756, 0.4375830292701721, 0.4640386700630188, 0.37487587332725525, 0.5536391735076904, 0.3065149784088135, 0.29259368777275085, 0.46305587887763977, 0.32714399695396423], [0.5276422500610352, 0.9999999403953552, 0.36608007550239563, 0.5019323825836182, 0.26171040534973145, 0.35926553606987, 0.42536354064941406, 0.4206773638725281, 0.2826968729496002, 0.2002810835838318, 0.29650330543518066, 0.2956309914588928, 0.33949217200279236, 0.3619513213634491, 0.27439171075820923, 0.39320266246795654, 0.3324972093105316, 0.39139413833618164, 0.4208813011646271, 0.371662974357605], [0.33417052030563354, 0.36608007550239563, 1.0, 0.25889113545417786, 0.3566649258136749, 0.40148234367370605, 0.270326167345047, 0.3532130718231201, 0.3769404888153076, 0.46871140599250793, 0.38942262530326843, 0.4462395906448364, 0.35790786147117615, 0.43661150336265564, 0.3067275881767273, 0.42505818605422974, 0.5311237573623657, 0.3110228478908539, 0.3922169506549835, 0.27548688650131226], [0.38290005922317505, 0.5019323825836182, 0.25889113545417786, 0.9999998807907104, 0.25175485014915466, 0.30837273597717285, 0.3679918050765991, 0.4048796594142914, 0.27227896451950073, 0.4867382049560547, 0.2688904404640198, 0.39898717403411865, 0.4181884527206421, 0.36179476976394653, 0.29194337129592896, 0.3800128400325775, 0.3379358649253845, 0.4310199022293091, 0.29707130789756775, 0.2954130172729492], [0.2564414441585541, 0.26171040534973145, 0.3566649258136749, 0.25175485014915466, 0.9999999403953552, 0.33169522881507874, 0.301849901676178, 0.28119906783103943, 0.28424233198165894, 0.2986174523830414, 0.20000258088111877, 0.2579982578754425, 0.37144455313682556, 0.3187202215194702, 0.3006587028503418, 0.2593475878238678, 0.3614661693572998, 0.3477034568786621, 0.34849441051483154, 0.16762104630470276], [0.4155043959617615, 0.35926553606987, 0.40148234367370605, 0.30837273597717285, 0.33169522881507874, 0.9999998807907104, 0.3845585584640503, 0.4128110110759735, 0.3570546507835388, 0.35501015186309814, 0.43338820338249207, 0.4246048331260681, 0.40689101815223694, 0.5054174065589905, 0.3178929388523102, 0.36158663034439087, 0.4018459916114807, 0.39487114548683167, 0.4291297495365143, 0.4315009117126465], [0.4242345988750458, 0.42536354064941406, 0.270326167345047, 0.3679918050765991, 0.301849901676178, 0.3845585584640503, 1.0000001192092896, 0.42636871337890625, 0.39978304505348206, 0.4218933582305908, 0.47739923000335693, 0.32603973150253296, 0.5975550413131714, 0.30172884464263916, 0.35326796770095825, 0.35599151253700256, 0.3894166946411133, 0.3346928060054779, 0.38149309158325195, 0.3724670708179474], [0.46246108412742615, 0.4206773638725281, 0.3532130718231201, 0.4048796594142914, 0.28119906783103943, 0.4128110110759735, 0.42636871337890625, 0.9999998807907104, 0.3932971954345703, 0.3591162860393524, 0.25517311692237854, 0.28863027691841125, 0.4756459891796112, 0.437595009803772, 0.4132395386695862, 0.3838747441768646, 0.3634352684020996, 0.399665892124176, 0.34384313225746155, 0.17244859039783478], [0.3802395462989807, 0.2826968729496002, 0.3769404888153076, 0.27227896451950073, 0.28424233198165894, 0.3570546507835388, 0.39978304505348206, 0.3932971954345703, 0.9999998807907104, 0.27228569984436035, 0.4304982125759125, 0.2350349873304367, 0.39885127544403076, 0.31380751729011536, 0.23621752858161926, 0.31269896030426025, 0.37020018696784973, 0.21831828355789185, 0.32357022166252136, 0.3369680941104889], [0.25350940227508545, 0.2002810835838318, 0.46871140599250793, 0.4867382049560547, 0.2986174523830414, 0.35501015186309814, 0.4218933582305908, 0.3591162860393524, 0.27228569984436035, 1.0000001192092896, 0.2240900844335556, 0.3265889286994934, 0.30789104104042053, 0.3517988324165344, 0.3652046024799347, 0.40017426013946533, 0.4762049615383148, 0.38027265667915344, 0.3969658315181732, 0.33728787302970886], [0.3166428804397583, 0.29650330543518066, 0.38942262530326843, 0.2688904404640198, 0.20000258088111877, 0.43338820338249207, 0.47739923000335693, 0.25517311692237854, 0.4304982125759125, 0.2240900844335556, 1.0, 0.4113926291465759, 0.45249345898628235, 0.383993536233902, 0.19504927098751068, 0.28009477257728577, 0.33180251717567444, 0.3665328919887543, 0.34719184041023254, 0.5087306499481201], [0.33972564339637756, 0.2956309914588928, 0.4462395906448364, 0.39898717403411865, 0.2579982578754425, 0.4246048331260681, 0.32603973150253296, 0.28863027691841125, 0.2350349873304367, 0.3265889286994934, 0.4113926291465759, 0.9999999403953552, 0.3825785517692566, 0.29050353169441223, 0.3573305308818817, 0.4030248820781708, 0.3881770670413971, 0.33190906047821045, 0.3914855122566223, 0.2755438983440399], [0.4375830292701721, 0.33949217200279236, 0.35790786147117615, 0.4181884527206421, 0.37144455313682556, 0.40689101815223694, 0.5975550413131714, 0.4756459891796112, 0.39885127544403076, 0.30789104104042053, 0.45249345898628235, 0.3825785517692566, 0.9999998211860657, 0.39310580492019653, 0.37928855419158936, 0.41196268796920776, 0.45935073494911194, 0.24641220271587372, 0.41555607318878174, 0.23814250528812408], [0.4640386700630188, 0.3619513213634491, 0.43661150336265564, 0.36179476976394653, 0.3187202215194702, 0.5054174065589905, 0.30172884464263916, 0.437595009803772, 0.31380751729011536, 0.3517988324165344, 0.383993536233902, 0.29050353169441223, 0.39310580492019653, 1.0, 0.28242266178131104, 0.3898904025554657, 0.4448419511318207, 0.3518158197402954, 0.36064282059669495, 0.29582688212394714], [0.37487587332725525, 0.27439171075820923, 0.3067275881767273, 0.29194337129592896, 0.3006587028503418, 0.3178929388523102, 0.35326796770095825, 0.4132395386695862, 0.23621752858161926, 0.3652046024799347, 0.19504927098751068, 0.3573305308818817, 0.37928855419158936, 0.28242266178131104, 1.0, 0.31953564286231995, 0.4031386971473694, 0.3723878562450409, 0.41343799233436584, 0.2714093327522278], [0.5536391735076904, 0.39320266246795654, 0.42505818605422974, 0.3800128400325775, 0.2593475878238678, 0.36158663034439087, 0.35599151253700256, 0.3838747441768646, 0.31269896030426025, 0.40017426013946533, 0.28009477257728577, 0.4030248820781708, 0.41196268796920776, 0.3898904025554657, 0.31953564286231995, 0.9999998211860657, 0.46519577503204346, 0.2713819444179535, 0.5179171562194824, 0.40130501985549927], [0.3065149784088135, 0.3324972093105316, 0.5311237573623657, 0.3379358649253845, 0.3614661693572998, 0.4018459916114807, 0.3894166946411133, 0.3634352684020996, 0.37020018696784973, 0.4762049615383148, 0.33180251717567444, 0.3881770670413971, 0.45935073494911194, 0.4448419511318207, 0.4031386971473694, 0.46519577503204346, 1.0, 0.4202187955379486, 0.3196433186531067, 0.3606862723827362], [0.29259368777275085, 0.39139413833618164, 0.3110228478908539, 0.4310199022293091, 0.3477034568786621, 0.39487114548683167, 0.3346928060054779, 0.399665892124176, 0.21831828355789185, 0.38027265667915344, 0.3665328919887543, 0.33190906047821045, 0.24641220271587372, 0.3518158197402954, 0.3723878562450409, 0.2713819444179535, 0.4202187955379486, 1.0, 0.4254229962825775, 0.27841922640800476], [0.46305587887763977, 0.4208813011646271, 0.3922169506549835, 0.29707130789756775, 0.34849441051483154, 0.4291297495365143, 0.38149309158325195, 0.34384313225746155, 0.32357022166252136, 0.3969658315181732, 0.34719184041023254, 0.3914855122566223, 0.41555607318878174, 0.36064282059669495, 0.41343799233436584, 0.5179171562194824, 0.3196433186531067, 0.4254229962825775, 0.9999998807907104, 0.5337370038032532], [0.32714399695396423, 0.371662974357605, 0.27548688650131226, 0.2954130172729492, 0.16762104630470276, 0.4315009117126465, 0.3724670708179474, 0.17244859039783478, 0.3369680941104889, 0.33728787302970886, 0.5087306499481201, 0.2755438983440399, 0.23814250528812408, 0.29582688212394714, 0.2714093327522278, 0.40130501985549927, 0.3606862723827362, 0.27841922640800476, 0.5337370038032532, 0.9999997615814209]]}, {"round": 2, "client_ids": [0, 1, 2, 3, 4, 5, 6, 7, 8, 9, 10, 11, 12, 13, 14, 15, 16, 17, 18, 19], "matrix": [[0.9999998211860657, 0.9750261306762695, 0.970986008644104, 0.9742392897605896, 0.9752386808395386, 0.9846929907798767, 0.978736400604248, 0.9771915674209595, 0.9691468477249146, 0.9338701963424683, 0.9736076593399048, 0.9820066690444946, 0.9740715622901917, 0.9710924625396729, 0.9808096289634705, 0.9589246511459351, 0.9611873030662537, 0.9709538817405701, 0.9794402122497559, 0.9864400625228882], [0.9750261306762695, 0.9999998211860657, 0.9815523624420166, 0.9585152864456177, 0.9744256138801575, 0.9808685183525085, 0.9614072442054749, 0.9731701016426086, 0.9625931978225708, 0.953828752040863, 0.972480058670044, 0.9715286493301392, 0.975161612033844, 0.9832251667976379, 0.9799596071243286, 0.9638132452964783, 0.9537126421928406, 0.9776807427406311, 0.971102774143219, 0.9725984334945679], [0.970986008644104, 0.9815523624420166, 0.9999999403953552, 0.9593750834465027, 0.9712374806404114, 0.9729870557785034, 0.9725292325019836, 0.9700249433517456, 0.9809264540672302, 0.9481078386306763, 0.9671784043312073, 0.9718181490898132, 0.9702467322349548, 0.9819820523262024, 0.9692056775093079, 0.9759567379951477, 0.9672361016273499, 0.9861241579055786, 0.9788721203804016, 0.9696584343910217], [0.9742392897605896, 0.9585152864456177, 0.9593750834465027, 1.0000001192092896, 0.9758026599884033, 0.9767329692840576, 0.9662375450134277, 0.9757931232452393, 0.969494104385376, 0.9424303770065308, 0.9753147959709167, 0.9560308456420898, 0.9703515768051147, 0.9605767130851746, 0.9745599031448364, 0.9640206098556519, 0.9688501954078674, 0.9699650406837463, 0.9764131307601929, 0.9877465963363647], [0.9752386808395386, 0.9744256138801575, 0.9712374806404114, 0.9758026599884033, 1.0, 0.9801833033561707, 0.9710615873336792, 0.9881629347801208, 0.9814189076423645, 0.9467042684555054, 0.9668178558349609, 0.9702341556549072, 0.9822466969490051, 0.9755678176879883, 0.9800845980644226, 0.9731944799423218, 0.9720776677131653, 0.9741700291633606, 0.9740148186683655, 0.980038583278656], [0.9846929907798767, 0.9808685183525085, 0.9729870557785034, 0.9767329692840576, 0.9801833033561707, 0.9999999403953552, 0.9713317155838013, 0.9786350131034851, 0.970951497554779, 0.948211669921875, 0.9799745678901672, 0.9714165925979614, 0.9789942502975464, 0.9727896451950073, 0.9796763062477112, 0.967132568359375, 0.9613563418388367, 0.9686541557312012, 0.975135326385498, 0.9818733930587769], [0.978736400604248, 0.9614072442054749, 0.9725292325019836, 0.9662375450134277, 0.9710615873336792, 0.9713317155838013, 0.9999999403953552, 0.9743838310241699, 0.9685641527175903, 0.9515321254730225, 0.9700896143913269, 0.9841576218605042, 0.976385235786438, 0.9698596596717834, 0.9840438961982727, 0.9724715352058411, 0.9708521366119385, 0.9768069386482239, 0.9792581796646118, 0.9839953780174255], [0.9771915674209595, 0.9731701016426086, 0.9700249433517456, 0.9757931232452393, 0.9881629347801208, 0.9786350131034851, 0.9743838310241699, 1.0, 0.9775899648666382, 0.9475200772285461, 0.9648841619491577, 0.974504828453064, 0.971254825592041, 0.9715632200241089, 0.9791662693023682, 0.9634175896644592, 0.9666185975074768, 0.9670183062553406, 0.9755756855010986, 0.9855307936668396], [0.9691468477249146, 0.9625931978225708, 0.9809264540672302, 0.969494104385376, 0.9814189076423645, 0.970951497554779, 0.9685641527175903, 0.9775899648666382, 1.0000001192092896, 0.934637725353241, 0.95274817943573, 0.956799328327179, 0.9660176038742065, 0.9658318758010864, 0.9671316146850586, 0.9688782095909119, 0.9745043516159058, 0.976578414440155, 0.9742327928543091, 0.9703899025917053], [0.9338701963424683, 0.953828752040863, 0.9481078386306763, 0.9424303770065308, 0.9467042684555054, 0.948211669921875, 0.9515321254730225, 0.9475200772285461, 0.934637725353241, 1.000000238418579, 0.9617838859558105, 0.9558712840080261, 0.9504454135894775, 0.9567729234695435, 0.9605607986450195, 0.9783684015274048, 0.9601201415061951, 0.95515376329422, 0.9542890191078186, 0.9517651200294495], [0.9736076593399048, 0.972480058670044, 0.9671784043312073, 0.9753147959709167, 0.9668178558349609, 0.9799745678901672, 0.9700896143913269, 0.9648841619491577, 0.95274817943573, 0.9617838859558105, 1.0000001192092896, 0.9703153371810913, 0.9767822623252869, 0.9705718159675598, 0.9807559251785278, 0.9746339321136475, 0.9686248898506165, 0.9712404012680054, 0.9736329913139343, 0.9777510166168213], [0.9820066690444946, 0.9715286493301392, 0.9718181490898132, 0.9560308456420898, 0.9702341556549072, 0.9714165925979614, 0.9841576218605042, 0.974504828453064, 0.956799328327179, 0.9558712840080261, 0.9703153371810913, 1.0000001192092896, 0.9739949107170105, 0.9759541749954224, 0.9811963438987732, 0.969757080078125, 0.9598414897918701, 0.970542311668396, 0.9763247966766357, 0.9807026386260986], [0.9740715622901917, 0.975161612033844, 0.9702467322349548, 0.9703515768051147, 0.9822466969490051, 0.9789942502975464, 0.976385235786438, 0.971254825592041, 0.9660176038742065, 0.9504454135894775, 0.9767822623252869, 0.9739949107170105, 1.0, 0.9791452288627625, 0.9814273118972778, 0.9753990173339844, 0.9660981893539429, 0.9793822169303894, 0.9813179969787598, 0.9748649597167969], [0.9710924625396729, 0.9832251667976379, 0.9819820523262024, 0.9605767130851746, 0.9755678176879883, 0.9727896451950073, 0.9698596596717834, 0.9715632200241089, 0.9658318758010864, 0.9567729234695435, 0.9705718159675598, 0.9759541749954224, 0.9791452288627625, 0.9999999403953552, 0.977040708065033, 0.9719335436820984, 0.9596027135848999, 0.9836085438728333, 0.9828516840934753, 0.9749200940132141], [0.9808096289634705, 0.9799596071243286, 0.9692056775093079, 0.9745599031448364, 0.9800845980644226, 0.9796763062477112, 0.9840438961982727, 0.9791662693023682, 0.9671316146850586, 0.9605607986450195, 0.9807559251785278, 0.9811963438987732, 0.9814273118972778, 0.977040708065033, 0.9999999403953552, 0.9696797132492065, 0.964821994304657, 0.9762590527534485, 0.9777473211288452, 0.9865953922271729], [0.9589246511459351, 0.9638132452964783, 0.9759567379951477, 0.9640206098556519, 0.9731944799423218, 0.967132568359375, 0.9724715352058411, 0.9634175896644592, 0.9688782095909119, 0.9783684015274048, 0.9746339321136475, 0.969757080078125, 0.9753990173339844, 0.9719335436820984, 0.9696797132492065, 1.0, 0.9853296875953674, 0.9797579646110535, 0.9755268692970276, 0.9685837030410767], [0.9611873030662537, 0.9537126421928406, 0.9672361016273499, 0.9688501954078674, 0.9720776677131653, 0.9613563418388367, 0.9708521366119385, 0.9666185975074768, 0.9745043516159058, 0.9601201415061951, 0.9686248898506165, 0.9598414897918701, 0.9660981893539429, 0.9596027135848999, 0.964821994304657, 0.9853296875953674, 0.9999998807907104, 0.9739524722099304, 0.97125643491745, 0.9729155898094177], [0.9709538817405701, 0.9776807427406311, 0.9861241579055786, 0.9699650406837463, 0.9741700291633606, 0.9686541557312012, 0.9768069386482239, 0.9670183062553406, 0.976578414440155, 0.95515376329422, 0.9712404012680054, 0.970542311668396, 0.9793822169303894, 0.9836085438728333, 0.9762590527534485, 0.9797579646110535, 0.9739524722099304, 0.9999998807907104, 0.9860513806343079, 0.9770088195800781], [0.9794402122497559, 0.971102774143219, 0.9788721203804016, 0.9764131307601929, 0.9740148186683655, 0.975135326385498, 0.9792581796646118, 0.9755756855010986, 0.9742327928543091, 0.9542890191078186, 0.9736329913139343, 0.9763247966766357, 0.9813179969787598, 0.9828516840934753, 0.9777473211288452, 0.9755268692970276, 0.97125643491745, 0.9860513806343079, 0.9999998807907104, 0.9838193655014038], [0.9864400625228882, 0.9725984334945679, 0.9696584343910217, 0.9877465963363647, 0.980038583278656, 0.9818733930587769, 0.9839953780174255, 0.9855307936668396, 0.9703899025917053, 0.9517651200294495, 0.9777510166168213, 0.9807026386260986, 0.9748649597167969, 0.9749200940132141, 0.9865953922271729, 0.9685837030410767, 0.9729155898094177, 0.9770088195800781, 0.9838193655014038, 0.9999999403953552]]}, {"round": 3, "client_ids": [0, 1, 2, 3, 4, 5, 6, 7, 8, 9, 10, 11, 12, 13, 14, 15, 16, 17, 18, 19], "matrix": [[1.0000001192092896, 0.9823808073997498, 0.9852304458618164, 0.98674476146698, 0.9932374358177185, 0.9886373281478882, 0.9804909229278564, 0.9827779531478882, 0.9896705746650696, 0.9616560339927673, 0.9846429824829102, 0.985693633556366, 0.9886713027954102, 0.9830504059791565, 0.9876222610473633, 0.9895793199539185, 0.9858426451683044, 0.9933175444602966, 0.9937146306037903, 0.990728497505188], [0.9823808073997498, 1.000000238418579, 0.9774569272994995, 0.9762242436408997, 0.9847174882888794, 0.9791316390037537, 0.9638838171958923, 0.977708101272583, 0.9766432046890259, 0.9529494643211365, 0.9824749827384949, 0.9774701595306396, 0.9800381064414978, 0.9788793921470642, 0.9799383282661438, 0.9739165902137756, 0.9783749580383301, 0.9808405637741089, 0.9735574722290039, 0.9873822927474976], [0.9852304458618164, 0.9774569272994995, 1.0, 0.9775519967079163, 0.9833289384841919, 0.9796299934387207, 0.9730990529060364, 0.9752807021141052, 0.9890722036361694, 0.9598238468170166, 0.9795417189598083, 0.9823313355445862, 0.984345018863678, 0.9865650534629822, 0.9838513731956482, 0.985201895236969, 0.981865406036377, 0.9892717599868774, 0.9812824726104736, 0.9784930348396301], [0.98674476146698, 0.9762242436408997, 0.9775519967079163, 0.9999997615814209, 0.9876340627670288, 0.9897634983062744, 0.9671621918678284, 0.9842369556427002, 0.9892321825027466, 0.9652249813079834, 0.9762300848960876, 0.9762797951698303, 0.9877656698226929, 0.9796140193939209, 0.986773669719696, 0.9836713671684265, 0.9909338355064392, 0.9901515245437622, 0.9879856109619141, 0.9863008260726929], [0.9932374358177185, 0.9847174882888794, 0.9833289384841919, 0.9876340627670288, 0.9999998211860657, 0.9903794527053833, 0.9800164699554443, 0.9880250096321106, 0.9894289970397949, 0.9668866991996765, 0.9830729961395264, 0.9858450293540955, 0.9901673793792725, 0.9878665208816528, 0.992168664932251, 0.9878944754600525, 0.9893513917922974, 0.9926497340202332, 0.9885879755020142, 0.988796055316925], [0.9886373281478882, 0.9791316390037537, 0.9796299934387207, 0.9897634983062744, 0.9903794527053833, 0.9999999403953552, 0.9727727174758911, 0.9805312156677246, 0.9839218854904175, 0.9510787725448608, 0.9758998155593872, 0.9833300709724426, 0.9856001734733582, 0.9777868390083313, 0.9873917698860168, 0.9795555472373962, 0.9838815331459045, 0.9877616763114929, 0.9833189845085144, 0.9787918329238892], [0.9804909229278564, 0.9638838171958923, 0.9730990529060364, 0.9671621918678284, 0.9800164699554443, 0.9727727174758911, 1.000000238418579, 0.9670560956001282, 0.9691445827484131, 0.9545767903327942, 0.9781676530838013, 0.984977662563324, 0.9779626727104187, 0.9772831201553345, 0.9827694296836853, 0.9782702326774597, 0.9632558822631836, 0.9847157001495361, 0.9758379459381104, 0.9715254306793213], [0.9827779531478882, 0.977708101272583, 0.9752807021141052, 0.9842369556427002, 0.9880250096321106, 0.9805312156677246, 0.9670560956001282, 1.0000001192092896, 0.9842990636825562, 0.963362455368042, 0.9760668873786926, 0.9766981601715088, 0.9814143180847168, 0.9772266149520874, 0.9836142659187317, 0.9788785576820374, 0.9851017594337463, 0.9829692244529724, 0.9840277433395386, 0.9883406758308411], [0.9896705746650696, 0.9766432046890259, 0.9890722036361694, 0.9892321825027466, 0.9894289970397949, 0.9839218854904175, 0.9691445827484131, 0.9842990636825562, 1.0000001192092896, 0.9644322991371155, 0.9767555594444275, 0.9801809191703796, 0.9858440160751343, 0.9857969880104065, 0.9893085360527039, 0.9868223071098328, 0.9922524690628052, 0.9896381497383118, 0.9903163909912109, 0.9839144349098206], [0.9616560339927673, 0.9529494643211365, 0.9598238468170166, 0.9652249813079834, 0.9668866991996765, 0.9510787725448608, 0.9545767903327942, 0.963362455368042, 0.9644322991371155, 0.9999999403953552, 0.9802100658416748, 0.9628536105155945, 0.9630151987075806, 0.9641464948654175, 0.9661436080932617, 0.9682170748710632, 0.9660248756408691, 0.9634726047515869, 0.9638219475746155, 0.969016432762146], [0.9846429824829102, 0.9824749827384949, 0.9795417189598083, 0.9762300848960876, 0.9830729961395264, 0.9758998155593872, 0.9781676530838013, 0.9760668873786926, 0.9767555594444275, 0.9802100658416748, 1.0000001192092896, 0.9814602136611938, 0.9814481139183044, 0.9786796569824219, 0.981218695640564, 0.9848579168319702, 0.9777491688728333, 0.9826470613479614, 0.9790080189704895, 0.9844503402709961], [0.985693633556366, 0.9774701595306396, 0.9823313355445862, 0.9762797951698303, 0.9858450293540955, 0.9833300709724426, 0.984977662563324, 0.9766981601715088, 0.9801809191703796, 0.9628536105155945, 0.9814602136611938, 1.0000001192092896, 0.9853994250297546, 0.9835102558135986, 0.9896876811981201, 0.9813586473464966, 0.9757513403892517, 0.9869455695152283, 0.9815085530281067, 0.9811514616012573], [0.9886713027954102, 0.9800381064414978, 0.984345018863678, 0.9877656698226929, 0.9901673793792725, 0.9856001734733582, 0.9779626727104187, 0.9814143180847168, 0.9858440160751343, 0.9630151987075806, 0.9814481139183044, 0.9853994250297546, 1.0, 0.9893669486045837, 0.9924676418304443, 0.9849342703819275, 0.9881058931350708, 0.9925566911697388, 0.9874318242073059, 0.983489453792572], [0.9830504059791565, 0.9788793921470642, 0.9865650534629822, 0.9796140193939209, 0.9878665208816528, 0.9777868390083313, 0.9772831201553345, 0.9772266149520874, 0.9857969880104065, 0.9641464948654175, 0.9786796569824219, 0.9835102558135986, 0.9893669486045837, 0.9999999403953552, 0.9848858118057251, 0.9844925999641418, 0.9812500476837158, 0.9874170422554016, 0.9829921722412109, 0.9800413846969604], [0.9876222610473633, 0.9799383282661438, 0.9838513731956482, 0.986773669719696, 0.992168664932251, 0.9873917698860168, 0.9827694296836853, 0.9836142659187317, 0.9893085360527039, 0.9661436080932617, 0.981218695640564, 0.9896876811981201, 0.9924676418304443, 0.9848858118057251, 1.0, 0.9846991896629333, 0.9892125725746155, 0.9912203550338745, 0.9843977689743042, 0.9832130670547485], [0.9895793199539185, 0.9739165902137756, 0.985201895236969, 0.9836713671684265, 0.9878944754600525, 0.9795555472373962, 0.9782702326774597, 0.9788785576820374, 0.9868223071098328, 0.9682170748710632, 0.9848579168319702, 0.9813586473464966, 0.9849342703819275, 0.9844925999641418, 0.9846991896629333, 1.0, 0.986833930015564, 0.9887853264808655, 0.9866940379142761, 0.9842613339424133], [0.9858426451683044, 0.9783749580383301, 0.981865406036377, 0.9909338355064392, 0.9893513917922974, 0.9838815331459045, 0.9632558822631836, 0.9851017594337463, 0.9922524690628052, 0.9660248756408691, 0.9777491688728333, 0.9757513403892517, 0.9881058931350708, 0.9812500476837158, 0.9892125725746155, 0.986833930015564, 0.9999998211860657, 0.9875215888023376, 0.9847063422203064, 0.9860820770263672], [0.9933175444602966, 0.9808405637741089, 0.9892717599868774, 0.9901515245437622, 0.9926497340202332, 0.9877616763114929, 0.9847157001495361, 0.9829692244529724, 0.9896381497383118, 0.9634726047515869, 0.9826470613479614, 0.9869455695152283, 0.9925566911697388, 0.9874170422554016, 0.9912203550338745, 0.9887853264808655, 0.9875215888023376, 1.000000238418579, 0.992283821105957, 0.9883494973182678], [0.9937146306037903, 0.9735574722290039, 0.9812824726104736, 0.9879856109619141, 0.9885879755020142, 0.9833189845085144, 0.9758379459381104, 0.9840277433395386, 0.9903163909912109, 0.9638219475746155, 0.9790080189704895, 0.9815085530281067, 0.9874318242073059, 0.9829921722412109, 0.9843977689743042, 0.9866940379142761, 0.9847063422203064, 0.992283821105957, 0.9999997615814209, 0.9892946481704712], [0.990728497505188, 0.9873822927474976, 0.9784930348396301, 0.9863008260726929, 0.988796055316925, 0.9787918329238892, 0.9715254306793213, 0.9883406758308411, 0.9839144349098206, 0.969016432762146, 0.9844503402709961, 0.9811514616012573, 0.983489453792572, 0.9800413846969604, 0.9832130670547485, 0.9842613339424133, 0.9860820770263672, 0.9883494973182678, 0.9892946481704712, 0.9999997615814209]]}, {"round": 4, "client_ids": [0, 1, 2, 3, 4, 5, 6, 7, 8, 9, 10, 11, 12, 13, 14, 15, 16, 17, 18, 19], "matrix": [[1.000000238418579, 0.9864190816879272, 0.9932064414024353, 0.9923570156097412, 0.9917293787002563, 0.9914404153823853, 0.9851830005645752, 0.9911827445030212, 0.9935007691383362, 0.9768484234809875, 0.9874979853630066, 0.9902320504188538, 0.9923030734062195, 0.9878479838371277, 0.9911308288574219, 0.9914460182189941, 0.9885751008987427, 0.9962455034255981, 0.9931951761245728, 0.9913800358772278], [0.9864190816879272, 1.0000001192092896, 0.9862352609634399, 0.9886294007301331, 0.9866398572921753, 0.9868534803390503, 0.9716105461120605, 0.9922629594802856, 0.9879953861236572, 0.9778386950492859, 0.9879709482192993, 0.9849896430969238, 0.9832462072372437, 0.9895229935646057, 0.9870474934577942, 0.9801718592643738, 0.9919753074645996, 0.9864141941070557, 0.9815270304679871, 0.991915225982666], [0.9932064414024353, 0.9862352609634399, 0.9999999403953552, 0.9870648980140686, 0.9857698082923889, 0.9859619140625, 0.9806915521621704, 0.9887465238571167, 0.99173504114151, 0.9729081392288208, 0.9828515648841858, 0.9894347786903381, 0.9870025515556335, 0.9873840808868408, 0.9900954961776733, 0.9850044250488281, 0.9849441647529602, 0.993459165096283, 0.9882319569587708, 0.9875271916389465], [0.9923570156097412, 0.9886294007301331, 0.9870648980140686, 1.0, 0.9913101196289062, 0.9953960180282593, 0.9778673052787781, 0.9925376176834106, 0.990566074848175, 0.9812975525856018, 0.9878493547439575, 0.9869972467422485, 0.991425096988678, 0.9899899363517761, 0.9910265803337097, 0.9897063374519348, 0.9916290044784546, 0.994706928730011, 0.9851416349411011, 0.9894148707389832], [0.9917293787002563, 0.9866398572921753, 0.9857698082923889, 0.9913101196289062, 1.0, 0.9898508191108704, 0.983260452747345, 0.9909858107566833, 0.9858304262161255, 0.9806984066963196, 0.9891624450683594, 0.9907819032669067, 0.9905106425285339, 0.9906984567642212, 0.9931849241256714, 0.9850203394889832, 0.9892972707748413, 0.9919416308403015, 0.9888620972633362, 0.9878371357917786], [0.9914404153823853, 0.9868534803390503, 0.9859619140625, 0.9953960180282593, 0.9898508191108704, 1.0000001192092896, 0.9753639698028564, 0.9869562387466431, 0.9888405799865723, 0.9726251363754272, 0.9841717481613159, 0.9874317049980164, 0.9904213547706604, 0.986974835395813, 0.9898290038108826, 0.9844520688056946, 0.989186704158783, 0.9919418692588806, 0.9835513234138489, 0.9842569828033447], [0.9851830005645752, 0.9716105461120605, 0.9806915521621704, 0.9778673052787781, 0.983260452747345, 0.9753639698028564, 0.9999998807907104, 0.9752943515777588, 0.973118245601654, 0.9723526835441589, 0.9853252172470093, 0.9875344038009644, 0.985960841178894, 0.9822385907173157, 0.9817108511924744, 0.9766532778739929, 0.9707573056221008, 0.986617922782898, 0.9857109189033508, 0.9752135276794434], [0.9911827445030212, 0.9922629594802856, 0.9887465238571167, 0.9925376176834106, 0.9909858107566833, 0.9869562387466431, 0.9752943515777588, 1.0, 0.9919315576553345, 0.9844202995300293, 0.9872519373893738, 0.9873918890953064, 0.9884186387062073, 0.990023672580719, 0.989558219909668, 0.9870265126228333, 0.9937131404876709, 0.9909604787826538, 0.9871731400489807, 0.9942398071289062], [0.9935007691383362, 0.9879953861236572, 0.99173504114151, 0.990566074848175, 0.9858304262161255, 0.9888405799865723, 0.973118245601654, 0.9919315576553345, 1.0, 0.9762098789215088, 0.9825528860092163, 0.9852995276451111, 0.9875085353851318, 0.9868614077568054, 0.9901112914085388, 0.989828884601593, 0.9927700757980347, 0.9914430975914001, 0.9850269556045532, 0.9869815111160278], [0.9768484234809875, 0.9778386950492859, 0.9729081392288208, 0.9812975525856018, 0.9806984066963196, 0.9726251363754272, 0.9723526835441589, 0.9844202995300293, 0.9762098789215088, 1.0, 0.9883567094802856, 0.9818706512451172, 0.9809598326683044, 0.9779548048973083, 0.9795350432395935, 0.9755562543869019, 0.9816621541976929, 0.9783113598823547, 0.9733555316925049, 0.9774957895278931], [0.9874979853630066, 0.9879709482192993, 0.9828515648841858, 0.9878493547439575, 0.9891624450683594, 0.9841717481613159, 0.9853252172470093, 0.9872519373893738, 0.9825528860092163, 0.9883567094802856, 0.9999999403953552, 0.9882254004478455, 0.9880874752998352, 0.9884240031242371, 0.9874116778373718, 0.9854137301445007, 0.9850941896438599, 0.9873574376106262, 0.984278678894043, 0.9854862093925476], [0.9902320504188538, 0.9849896430969238, 0.9894347786903381, 0.9869972467422485, 0.9907819032669067, 0.9874317049980164, 0.9875344038009644, 0.9873918890953064, 0.9852995276451111, 0.9818706512451172, 0.9882254004478455, 1.0, 0.9888013005256653, 0.9881802201271057, 0.9895756244659424, 0.9801810383796692, 0.9824880957603455, 0.989862322807312, 0.98753422498703, 0.9865642189979553], [0.9923030734062195, 0.9832462072372437, 0.9870025515556335, 0.991425096988678, 0.9905106425285339, 0.9904213547706604, 0.985960841178894, 0.9884186387062073, 0.9875085353851318, 0.9809598326683044, 0.9880874752998352, 0.9888013005256653, 1.0, 0.9919012784957886, 0.9907324314117432, 0.9887822866439819, 0.9892992973327637, 0.9931178092956543, 0.9879217147827148, 0.9827736020088196], [0.9878479838371277, 0.9895229935646057, 0.9873840808868408, 0.9899899363517761, 0.9906984567642212, 0.986974835395813, 0.9822385907173157, 0.990023672580719, 0.9868614077568054, 0.9779548048973083, 0.9884240031242371, 0.9881802201271057, 0.9919012784957886, 1.0000001192092896, 0.9871150255203247, 0.9865211248397827, 0.9890145659446716, 0.9901995658874512, 0.9869511723518372, 0.9865624308586121], [0.9911308288574219, 0.9870474934577942, 0.9900954961776733, 0.9910265803337097, 0.9931849241256714, 0.9898290038108826, 0.9817108511924744, 0.989558219909668, 0.9901112914085388, 0.9795350432395935, 0.9874116778373718, 0.9895756244659424, 0.9907324314117432, 0.9871150255203247, 1.0, 0.9859961867332458, 0.9906725883483887, 0.9923063516616821, 0.9838504195213318, 0.9872686266899109], [0.9914460182189941, 0.9801718592643738, 0.9850044250488281, 0.9897063374519348, 0.9850203394889832, 0.9844520688056946, 0.9766532778739929, 0.9870265126228333, 0.989828884601593, 0.9755562543869019, 0.9854137301445007, 0.9801810383796692, 0.9887822866439819, 0.9865211248397827, 0.9859961867332458, 0.9999998807907104, 0.9881744980812073, 0.9913504719734192, 0.9832218289375305, 0.9843637347221375], [0.9885751008987427, 0.9919753074645996, 0.9849441647529602, 0.9916290044784546, 0.9892972707748413, 0.989186704158783, 0.9707573056221008, 0.9937131404876709, 0.9927700757980347, 0.9816621541976929, 0.9850941896438599, 0.9824880957603455, 0.9892992973327637, 0.9890145659446716, 0.9906725883483887, 0.9881744980812073, 1.0000001192092896, 0.9899650812149048, 0.9808540344238281, 0.9870729446411133], [0.9962455034255981, 0.9864141941070557, 0.993459165096283, 0.994706928730011, 0.9919416308403015, 0.9919418692588806, 0.986617922782898, 0.9909604787826538, 0.9914430975914001, 0.9783113598823547, 0.9873574376106262, 0.989862322807312, 0.9931178092956543, 0.9901995658874512, 0.9923063516616821, 0.9913504719734192, 0.9899650812149048, 1.0000003576278687, 0.9916658401489258, 0.990206241607666], [0.9931951761245728, 0.9815270304679871, 0.9882319569587708, 0.9851416349411011, 0.9888620972633362, 0.9835513234138489, 0.9857109189033508, 0.9871731400489807, 0.9850269556045532, 0.9733555316925049, 0.984278678894043, 0.98753422498703, 0.9879217147827148, 0.9869511723518372, 0.9838504195213318, 0.9832218289375305, 0.9808540344238281, 0.9916658401489258, 1.0, 0.9898671507835388], [0.9913800358772278, 0.991915225982666, 0.9875271916389465, 0.9894148707389832, 0.9878371357917786, 0.9842569828033447, 0.9752135276794434, 0.9942398071289062, 0.9869815111160278, 0.9774957895278931, 0.9854862093925476, 0.9865642189979553, 0.9827736020088196, 0.9865624308586121, 0.9872686266899109, 0.9843637347221375, 0.9870729446411133, 0.990206241607666, 0.9898671507835388, 0.9999998807907104]]}, {"round": 5, "client_ids": [0, 1, 2, 3, 4, 5, 6, 7, 8, 9, 10, 11, 12, 13, 14, 15, 16, 17, 18, 19], "matrix": [[0.9999999403953552, 0.9912933111190796, 0.9944643378257751, 0.9946543574333191, 0.9931527376174927, 0.9944217205047607, 0.9927883744239807, 0.9938316941261292, 0.9949764609336853, 0.9877558946609497, 0.9913867712020874, 0.9948252439498901, 0.9945080280303955, 0.9929599165916443, 0.9942370653152466, 0.9904726147651672, 0.9908415079116821, 0.9958334565162659, 0.9950583577156067, 0.9945592284202576], [0.9912933111190796, 0.9999999403953552, 0.9915947914123535, 0.9918950200080872, 0.9902164340019226, 0.991404116153717, 0.9866998791694641, 0.9937579035758972, 0.9918107390403748, 0.987632691860199, 0.9936079382896423, 0.990723192691803, 0.9905758500099182, 0.992952823638916, 0.9914399981498718, 0.9855870604515076, 0.9931795597076416, 0.9929866194725037, 0.9885397553443909, 0.9935552477836609], [0.9944643378257751, 0.9915947914123535, 1.0, 0.9919251203536987, 0.9912585616111755, 0.9928110837936401, 0.9901769757270813, 0.9927560687065125, 0.9949924945831299, 0.9877061247825623, 0.9911286234855652, 0.9929872155189514, 0.9932547807693481, 0.9914343357086182, 0.9950594305992126, 0.9875819683074951, 0.9924762845039368, 0.9952511787414551, 0.9891127943992615, 0.9899880290031433], [0.9946543574333191, 0.9918950200080872, 0.9919251203536987, 1.0, 0.9929567575454712, 0.9967749714851379, 0.9893250465393066, 0.9951767325401306, 0.9938219785690308, 0.9897343516349792, 0.9922475814819336, 0.992805004119873, 0.9935389161109924, 0.9941250681877136, 0.9935641884803772, 0.991412341594696, 0.9922235012054443, 0.9964343309402466, 0.9894327521324158, 0.9936462044715881], [0.9931527376174927, 0.9902164340019226, 0.9912585616111755, 0.9929567575454712, 0.9999998211860657, 0.9921143054962158, 0.9882379174232483, 0.9940027594566345, 0.9896771311759949, 0.9888778328895569, 0.9921121001243591, 0.9931633472442627, 0.9922177791595459, 0.9922820329666138, 0.9950076937675476, 0.9844902753829956, 0.9897186756134033, 0.991854727268219, 0.9889640808105469, 0.9909947514533997], [0.9944217205047607, 0.991404116153717, 0.9928110837936401, 0.9967749714851379, 0.9921143054962158, 0.9999998807907104, 0.9891442060470581, 0.9926774501800537, 0.993260383605957, 0.9894400835037231, 0.9926635026931763, 0.9933289289474487, 0.9947565197944641, 0.9917872548103333, 0.9938955307006836, 0.9903073310852051, 0.9944760799407959, 0.9963845610618591, 0.9879998564720154, 0.9891011118888855], [0.9927883744239807, 0.9866998791694641, 0.9901769757270813, 0.9893250465393066, 0.9882379174232483, 0.9891442060470581, 0.9999998807907104, 0.9892168045043945, 0.9883546233177185, 0.9853719472885132, 0.9894183278083801, 0.9934484958648682, 0.9940531253814697, 0.991949737071991, 0.9897330403327942, 0.981709897518158, 0.9832774996757507, 0.9900290369987488, 0.9896075129508972, 0.9862874150276184], [0.9938316941261292, 0.9937579035758972, 0.9927560687065125, 0.9951767325401306, 0.9940027594566345, 0.9926774501800537, 0.9892168045043945, 1.0, 0.9944136738777161, 0.9895201325416565, 0.9926745891571045, 0.9921367168426514, 0.9924548864364624, 0.9949190616607666, 0.9933826327323914, 0.9884312152862549, 0.993826687335968, 0.9946775436401367, 0.9913456439971924, 0.9947839379310608], [0.9949764609336853, 0.9918107390403748, 0.9949924945831299, 0.9938219785690308, 0.9896771311759949, 0.993260383605957, 0.9883546233177185, 0.9944136738777161, 1.0, 0.9882482886314392, 0.9908490180969238, 0.9920952320098877, 0.9912371039390564, 0.9914028644561768, 0.994081437587738, 0.9911534786224365, 0.9946492910385132, 0.9962692856788635, 0.9903234839439392, 0.9905257821083069], [0.9877558946609497, 0.987632691860199, 0.9877061247825623, 0.9897343516349792, 0.9888778328895569, 0.9894400835037231, 0.9853719472885132, 0.9895201325416565, 0.9882482886314392, 0.9999999403953552, 0.9944203495979309, 0.9893169403076172, 0.9892440438270569, 0.9864791631698608, 0.9878637194633484, 0.9853208065032959, 0.9895233511924744, 0.9889817833900452, 0.982528567314148, 0.9865379929542542], [0.9913867712020874, 0.9936079382896423, 0.9911286234855652, 0.9922475814819336, 0.9921121001243591, 0.9926635026931763, 0.9894183278083801, 0.9926745891571045, 0.9908490180969238, 0.9944203495979309, 1.0000001192092896, 0.992246687412262, 0.9924880862236023, 0.9918919205665588, 0.9920762181282043, 0.9885123372077942, 0.9919615983963013, 0.9923050999641418, 0.9877780079841614, 0.9900656938552856], [0.9948252439498901, 0.990723192691803, 0.9929872155189514, 0.992805004119873, 0.9931633472442627, 0.9933289289474487, 0.9934484958648682, 0.9921367168426514, 0.9920952320098877, 0.9893169403076172, 0.992246687412262, 1.0, 0.9935377240180969, 0.9927351474761963, 0.9936484694480896, 0.986236572265625, 0.9884608387947083, 0.9942373633384705, 0.9921963810920715, 0.9912951588630676], [0.9945080280303955, 0.9905758500099182, 0.9932547807693481, 0.9935389161109924, 0.9922177791595459, 0.9947565197944641, 0.9940531253814697, 0.9924548864364624, 0.9912371039390564, 0.9892440438270569, 0.9924880862236023, 0.9935377240180969, 0.9999999403953552, 0.9940619468688965, 0.9931028485298157, 0.9883721470832825, 0.992216944694519, 0.993859052658081, 0.9896805286407471, 0.9874317646026611], [0.9929599165916443, 0.992952823638916, 0.9914343357086182, 0.9941250681877136, 0.9922820329666138, 0.9917872548103333, 0.991949737071991, 0.9949190616607666, 0.9914028644561768, 0.9864791631698608, 0.9918919205665588, 0.9927351474761963, 0.9940619468688965, 0.9999999403953552, 0.9900209903717041, 0.9880151152610779, 0.9897907376289368, 0.9942364692687988, 0.9929134845733643, 0.9921998381614685], [0.9942370653152466, 0.9914399981498718, 0.9950594305992126, 0.9935641884803772, 0.9950076937675476, 0.9938955307006836, 0.9897330403327942, 0.9933826327323914, 0.994081437587738, 0.9878637194633484, 0.9920762181282043, 0.9936484694480896, 0.9931028485298157, 0.9900209903717041, 0.9999999403953552, 0.9878913164138794, 0.9934623837471008, 0.9946673512458801, 0.9870020151138306, 0.9903194308280945], [0.9904726147651672, 0.9855870604515076, 0.9875819683074951, 0.991412341594696, 0.9844902753829956, 0.9903073310852051, 0.981709897518158, 0.9884312152862549, 0.9911534786224365, 0.9853208065032959, 0.9885123372077942, 0.986236572265625, 0.9883721470832825, 0.9880151152610779, 0.9878913164138794, 0.9999998807907104, 0.9915652871131897, 0.9934569597244263, 0.9863930344581604, 0.987804651260376], [0.9908415079116821, 0.9931795597076416, 0.9924762845039368, 0.9922235012054443, 0.9897186756134033, 0.9944760799407959, 0.9832774996757507, 0.993826687335968, 0.9946492910385132, 0.9895233511924744, 0.9919615983963013, 0.9884608387947083, 0.992216944694519, 0.9897907376289368, 0.9934623837471008, 0.9915652871131897, 1.0000001192092896, 0.9947088360786438, 0.9853392839431763, 0.9876566529273987], [0.9958334565162659, 0.9929866194725037, 0.9952511787414551, 0.9964343309402466, 0.991854727268219, 0.9963845610618591, 0.9900290369987488, 0.9946775436401367, 0.9962692856788635, 0.9889817833900452, 0.9923050999641418, 0.9942373633384705, 0.993859052658081, 0.9942364692687988, 0.9946673512458801, 0.9934569597244263, 0.9947088360786438, 1.0000001192092896, 0.9925905466079712, 0.9923141598701477], [0.9950583577156067, 0.9885397553443909, 0.9891127943992615, 0.9894327521324158, 0.9889640808105469, 0.9879998564720154, 0.9896075129508972, 0.9913456439971924, 0.9903234839439392, 0.982528567314148, 0.9877780079841614, 0.9921963810920715, 0.9896805286407471, 0.9929134845733643, 0.9870020151138306, 0.9863930344581604, 0.9853392839431763, 0.9925905466079712, 0.9999998807907104, 0.9919175505638123],