{"dataset": ["COLLAB"], "num_clients": 5, "total_rounds_recorded": 100, "history": [{"round": 1, "client_ids": [0, 1, 2, 3, 4], "matrix": [[1.0, 0.3055420219898224, 0.4245986342430115, 0.3418198227882385, 0.30635547637939453], [0.3055420219898224, 1.0, 0.4309549927711487, 0.37853536009788513, 0.3409237861633301], [0.4245986342430115, 0.4309549927711487, 0.9999999403953552, 0.35803091526031494, 0.3299589455127716], [0.3418198227882385, 0.37853536009788513, 0.35803091526031494, 0.9999998211860657, 0.25513195991516113], [0.30635547637939453, 0.3409237861633301, 0.3299589455127716, 0.25513195991516113, 0.9999998807907104]]}, {"round": 2, "client_ids": [0, 1, 2, 3, 4], "matrix": [[1.0, 0.8438224792480469, 0.8410118222236633, 0.7939887046813965, 0.739620566368103], [0.8438224792480469, 1.0000001192092896, 0.891768217086792, 0.9050570726394653, 0.7190644145011902], [0.8410118222236633, 0.891768217086792, 1.0000001192092896, 0.842698872089386, 0.7471262216567993], [0.7939887046813965, 0.9050570726394653, 0.842698872089386, 1.0, 0.6968895792961121], [0.739620566368103, 0.7190644145011902, 0.7471262216567993, 0.6968895792961121, 0.9999999403953552]]}, {"round": 3, "client_ids": [0, 1, 2, 3, 4], "matrix": [[1.0000001192092896, 0.9146016240119934, 0.9153746366500854, 0.9150597453117371, 0.8411824107170105], [0.9146016240119934, 1.0, 0.9449179768562317, 0.9235996603965759, 0.8099852204322815], [0.9153746366500854, 0.9449179768562317, 0.9999999403953552, 0.8869417905807495, 0.7895554304122925], [0.9150597453117371, 0.9235996603965759, 0.8869417905807495, 1.0, 0.8612624406814575], [0.8411824107170105, 0.8099852204322815, 0.7895554304122925, 0.8612624406814575, 1.0]]}, {"round": 4, "client_ids": [0, 1, 2, 3, 4], "matrix": [[1.0000001192092896, 0.9348878860473633, 0.9351666569709778, 0.8859006762504578, 0.8182036876678467], [0.9348878860473633, 1.0000001192092896, 0.9667748808860779, 0.9173901677131653, 0.8502709269523621], [0.9351666569709778, 0.9667748808860779, 1.0, 0.8928060531616211, 0.8464643359184265], [0.8859006762504578, 0.9173901677131653, 0.8928060531616211, 1.0, 0.850453794002533], [0.8182036876678467, 0.8502709269523621, 0.8464643359184265, 0.850453794002533, 1.0000001192092896]]}, {"round": 5, "client_ids": [0, 1, 2, 3, 4], "matrix": [[1.000000238418579, 0.945096492767334, 0.9457036256790161, 0.8901446461677551, 0.816182553768158], [0.945096492767334, 0.9999999403953552, 0.9711610674858093, 0.9405146241188049, 0.858494758605957], [0.9457036256790161, 0.9711610674858093, 0.9999999403953552, 0.9313007593154907, 0.8391612768173218], [0.8901446461677551, 0.9405146241188049, 0.9313007593154907, 0.9999998807907104, 0.8571495413780212], [0.816182553768158, 0.858494758605957, 0.8391612768173218, 0.8571495413780212, 0.9999999403953552]]}, {"round": 6, "client_ids": [0, 1, 2, 3, 4], "matrix": [[0.9999998807907104, 0.9591811895370483, 0.9680906534194946, 0.9289882779121399, 0.8844063878059387], [0.9591811895370483, 1.0000001192092896, 0.9723082780838013, 0.9445977210998535, 0.9162760972976685], [0.9680906534194946, 0.9723082780838013, 0.9999998807907104, 0.9313248991966248, 0.8951667547225952], [0.9289882779121399, 0.9445977210998535, 0.9313248991966248, 0.9999997615814209, 0.9013495445251465], [0.8844063878059387, 0.9162760972976685, 0.8951667547225952, 0.9013495445251465, 0.9999998807907104]]}, {"round": 7, "client_ids": [0, 1, 2, 3, 4], "matrix": [[1.0000001192092896, 0.9479498863220215, 0.9619196653366089, 0.927122950553894, 0.8578609228134155], [0.9479498863220215, 1.0, 0.9743643999099731, 0.9508997201919556, 0.8887185454368591], [0.9619196653366089, 0.9743643999099731, 0.9999998807907104, 0.9310057163238525, 0.8714910745620728], [0.927122950553894, 0.9508997201919556, 0.9310057163238525, 1.0000001192092896, 0.8816875219345093], [0.8578609228134155, 0.8887185454368591, 0.8714910745620728, 0.8816875219345093, 0.9999998807907104]]}, {"round": 8, "client_ids": [0, 1, 2, 3, 4], "matrix": [[1.0, 0.958371102809906, 0.9570029973983765, 0.9372013211250305, 0.8447603583335876], [0.958371102809906, 0.9999998807907104, 0.9818060994148254, 0.9640851020812988, 0.8876488208770752], [0.9570029973983765, 0.9818060994148254, 1.000000238418579, 0.9448444843292236, 0.8721324801445007], [0.9372013211250305, 0.9640851020812988, 0.9448444843292236, 1.0, 0.8821368217468262], [0.8447603583335876, 0.8876488208770752, 0.8721324801445007, 0.8821368217468262, 0.9999998807907104]]}, {"round": 9, "client_ids": [0, 1, 2, 3, 4], "matrix": [[1.0, 0.9405726194381714, 0.9275971055030823, 0.9340254068374634, 0.9002891182899475], [0.9405726194381714, 1.0, 0.9817904233932495, 0.9668628573417664, 0.9009549617767334], [0.9275971055030823, 0.9817904233932495, 1.0, 0.9640307426452637, 0.884021520614624], [0.9340254068374634, 0.9668628573417664, 0.9640307426452637, 0.9999998807907104, 0.9009541273117065], [0.9002891182899475, 0.9009549617767334, 0.884021520614624, 0.9009541273117065, 1.000000238418579]]}, {"round": 10, "client_ids": [0, 1, 2, 3, 4], "matrix": [[1.0, 0.9331414103507996, 0.9363940358161926, 0.9292199015617371, 0.8791553378105164], [0.9331414103507996, 1.0000001192092896, 0.9836634993553162, 0.9605861902236938, 0.884994387626648], [0.9363940358161926, 0.9836634993553162, 0.9999998807907104, 0.9617650508880615, 0.8853693604469299], [0.9292199015617371, 0.9605861902236938, 0.9617650508880615, 1.0, 0.9024762511253357], [0.8791553378105164, 0.884994387626648, 0.8853693604469299, 0.9024762511253357, 0.9999998807907104]]}, {"round": 11, "client_ids": [0, 1, 2, 3, 4], "matrix": [[1.0000001192092896, 0.9505966305732727, 0.9542264342308044, 0.9254903197288513, 0.9047031998634338], [0.9505966305732727, 1.0000001192092896, 0.982536256313324, 0.9553601145744324, 0.8809308409690857], [0.9542264342308044, 0.982536256313324, 0.9999998807907104, 0.9500378966331482, 0.8729430437088013], [0.9254903197288513, 0.9553601145744324, 0.9500378966331482, 1.0, 0.8657397627830505], [0.9047031998634338, 0.8809308409690857, 0.8729430437088013, 0.8657397627830505, 1.0]]}, {"round": 12, "client_ids": [0, 1, 2, 3, 4], "matrix": [[0.9999999403953552, 0.9397445321083069, 0.9350746273994446, 0.9146379232406616, 0.8712712526321411], [0.9397445321083069, 1.0000001192092896, 0.9831525087356567, 0.938003420829773, 0.8701447248458862], [0.9350746273994446, 0.9831525087356567, 0.9999999403953552, 0.9429476857185364, 0.8538227081298828], [0.9146379232406616, 0.938003420829773, 0.9429476857185364, 0.9999999403953552, 0.7933111786842346], [0.8712712526321411, 0.8701447248458862, 0.8538227081298828, 0.7933111786842346, 1.0]]}, {"round": 13, "client_ids": [0, 1, 2, 3, 4], "matrix": [[1.0000001192092896, 0.9257692694664001, 0.929624617099762, 0.9164356589317322, 0.8182467818260193], [0.9257692694664001, 1.000000238418579, 0.9850256443023682, 0.9413212537765503, 0.8766196370124817], [0.929624617099762, 0.9850256443023682, 0.9999998211860657, 0.9453904628753662, 0.8789129257202148], [0.9164356589317322, 0.9413212537765503, 0.9453904628753662, 1.0000001192092896, 0.8786726593971252], [0.8182467818260193, 0.8766196370124817, 0.8789129257202148, 0.8786726593971252, 1.0]]}, {"round": 14, "client_ids": [0, 1, 2, 3, 4], "matrix": [[1.000000238418579, 0.9099092483520508, 0.926841676235199, 0.9135353565216064, 0.799198567867279], [0.9099092483520508, 1.000000238418579, 0.9849105477333069, 0.9405726790428162, 0.8920913934707642], [0.926841676235199, 0.9849105477333069, 1.0000001192092896, 0.9538308382034302, 0.8762348294258118], [0.9135353565216064, 0.9405726790428162, 0.9538308382034302, 0.9999998807907104, 0.8974860906600952], [0.799198567867279, 0.8920913934707642, 0.8762348294258118, 0.8974860906600952, 0.9999999403953552]]}, {"round": 15, "client_ids": [0, 1, 2, 3, 4], "matrix": [[0.9999999403953552, 0.9434628486633301, 0.9553164839744568, 0.9374809265136719, 0.871023416519165], [0.9434628486633301, 1.0000001192092896, 0.9816032648086548, 0.9310346245765686, 0.8803353905677795], [0.9553164839744568, 0.9816032648086548, 1.0000001192092896, 0.9426093697547913, 0.8660643100738525], [0.9374809265136719, 0.9310346245765686, 0.9426093697547913, 1.000000238418579, 0.8882157206535339], [0.871023416519165, 0.8803353905677795, 0.8660643100738525, 0.8882157206535339, 1.000000238418579]]}, {"round": 16, "client_ids": [0, 1, 2, 3, 4], "matrix": [[1.0000001192092896, 0.9289649724960327, 0.9370505213737488, 0.9252517819404602, 0.8626797795295715], [0.9289649724960327, 1.0000001192092896, 0.973642110824585, 0.9466765522956848, 0.867083728313446], [0.9370505213737488, 0.973642110824585, 0.9999997615814209, 0.938858151435852, 0.846831738948822], [0.9252517819404602, 0.9466765522956848, 0.938858151435852, 0.9999998807907104, 0.8891612887382507], [0.8626797795295715, 0.867083728313446, 0.846831738948822, 0.8891612887382507, 1.0000001192092896]]}, {"round": 17, "client_ids": [0, 1, 2, 3, 4], "matrix": [[0.9999997615814209, 0.9201040267944336, 0.9356381297111511, 0.9283519387245178, 0.8368091583251953], [0.9201040267944336, 1.0000001192092896, 0.9744341969490051, 0.9202953577041626, 0.880426287651062], [0.9356381297111511, 0.9744341969490051, 1.0, 0.9105573296546936, 0.8533103466033936], [0.9283519387245178, 0.9202953577041626, 0.9105573296546936, 1.0, 0.89378821849823], [0.8368091583251953, 0.880426287651062, 0.8533103466033936, 0.89378821849823, 1.0]]}, {"round": 18, "client_ids": [0, 1, 2, 3, 4], "matrix": [[1.0000001192092896, 0.9233328104019165, 0.9252390265464783, 0.9266750812530518, 0.8931585550308228], [0.9233328104019165, 0.9999998211860657, 0.9731858372688293, 0.9452726244926453, 0.8529314994812012], [0.9252390265464783, 0.9731858372688293, 1.0, 0.9268009662628174, 0.8140101432800293], [0.9266750812530518, 0.9452726244926453, 0.9268009662628174, 0.9999998807907104, 0.8730103969573975], [0.8931585550308228, 0.8529314994812012, 0.8140101432800293, 0.8730103969573975, 1.0]]}, {"round": 19, "client_ids": [0, 1, 2, 3, 4], "matrix": [[0.9999999403953552, 0.9364201426506042, 0.9363349080085754, 0.9200780987739563, 0.8808180689811707], [0.9364201426506042, 0.9999997615814209, 0.9848192930221558, 0.9299861192703247, 0.848166286945343], [0.9363349080085754, 0.9848192930221558, 0.9999998807907104, 0.9049490094184875, 0.8191769123077393], [0.9200780987739563, 0.9299861192703247, 0.9049490094184875, 1.0000001192092896, 0.9263145923614502], [0.8808180689811707, 0.848166286945343, 0.8191769123077393, 0.9263145923614502, 1.0]]}, {"round": 20, "client_ids": [0, 1, 2, 3, 4], "matrix": [[1.0000001192092896, 0.8519287705421448, 0.8845621943473816, 0.9039937257766724, 0.8204982876777649], [0.8519287705421448, 1.0000001192092896, 0.9825114607810974, 0.9013974666595459, 0.8363807201385498], [0.8845621943473816, 0.9825114607810974, 1.0, 0.9044321179389954, 0.8256716728210449], [0.9039937257766724, 0.9013974666595459, 0.9044321179389954, 0.9999998807907104, 0.920265257358551], [0.8204982876777649, 0.8363807201385498, 0.8256716728210449, 0.920265257358551, 1.000000238418579]]}, {"round": 21, "client_ids": [0, 1, 2, 3, 4], "matrix": [[0.9999999403953552, 0.8980112075805664, 0.8930047154426575, 0.8435008525848389, 0.877479076385498], [0.8980112075805664, 1.0, 0.9849124550819397, 0.8815546035766602, 0.8290908932685852], [0.8930047154426575, 0.9849124550819397, 1.0, 0.8779119253158569, 0.8061965703964233], [0.8435008525848389, 0.8815546035766602, 0.8779119253158569, 0.9999997615814209, 0.8171634674072266], [0.877479076385498, 0.8290908932685852, 0.8061965703964233, 0.8171634674072266, 1.0]]}, {"round": 22, "client_ids": [0, 1, 2, 3, 4], "matrix": [[1.0000001192092896, 0.9545313715934753, 0.9483420252799988, 0.8968075513839722, 0.8618802428245544], [0.9545313715934753, 1.0, 0.9868798851966858, 0.8832376003265381, 0.806141197681427], [0.9483420252799988, 0.9868798851966858, 1.0000001192092896, 0.8880489468574524, 0.7847557663917542], [0.8968075513839722, 0.8832376003265381, 0.8880489468574524, 0.9999999403953552, 0.8091685175895691], [0.8618802428245544, 0.806141197681427, 0.7847557663917542, 0.8091685175895691, 1.000000238418579]]}, {"round": 23, "client_ids": [0, 1, 2, 3, 4], "matrix": [[0.9999998807907104, 0.8906679153442383, 0.8689414262771606, 0.7741451263427734, 0.768575131893158], [0.8906679153442383, 1.0, 0.9867408275604248, 0.8846948146820068, 0.7560580968856812], [0.8689414262771606, 0.9867408275604248, 0.9999998807907104, 0.8870335817337036, 0.7506408095359802], [0.7741451263427734, 0.8846948146820068, 0.8870335817337036, 1.0, 0.8420075178146362], [0.768575131893158, 0.7560580968856812, 0.7506408095359802, 0.8420075178146362, 1.0]]}, {"round": 24, "client_ids": [0, 1, 2, 3, 4], "matrix": [[1.0, 0.9213417172431946, 0.9306924939155579, 0.8921823501586914, 0.8013573288917542], [0.9213417172431946, 0.9999998807907104, 0.9861499667167664, 0.8585900068283081, 0.7382184863090515], [0.9306924939155579, 0.9861499667167664, 0.9999998211860657, 0.8580845594406128, 0.740338921546936], [0.8921823501586914, 0.8585900068283081, 0.8580845594406128, 0.9999999403953552, 0.8747791051864624], [0.8013573288917542, 0.7382184863090515, 0.740338921546936, 0.8747791051864624, 1.0]]}, {"round": 25, "client_ids": [0, 1, 2, 3, 4], "matrix": [[0.9999998211860657, 0.8161042332649231, 0.7944085001945496, 0.6477013230323792, 0.8117122054100037], [0.8161042332649231, 1.0, 0.9832485318183899, 0.8526543974876404, 0.8372223973274231], [0.7944085001945496, 0.9832485318183899, 1.0, 0.8494560122489929, 0.8239645957946777], [0.6477013230323792, 0.8526543974876404, 0.8494560122489929, 0.9999999403953552, 0.8308777213096619], [0.8117122054100037, 0.8372223973274231, 0.8239645957946777, 0.8308777213096619, 1.0]]}, {"round": 26, "client_ids": [0, 1, 2, 3, 4], "matrix": [[0.9999998211860657, 0.9167588353157043, 0.9231322407722473, 0.9140880703926086, 0.8363022208213806], [0.9167588353157043, 1.0, 0.9851268529891968, 0.9045630097389221, 0.8001686930656433], [0.9231322407722473, 0.9851268529891968, 0.9999999403953552, 0.8943743109703064, 0.7933245301246643], [0.9140880703926086, 0.9045630097389221, 0.8943743109703064, 0.9999997615814209, 0.9030201435089111], [0.8363022208213806, 0.8001686930656433, 0.7933245301246643, 0.9030201435089111, 0.9999998807907104]]}, {"round": 27, "client_ids": [0, 1, 2, 3, 4], "matrix": [[1.0000001192092896, 0.8717495203018188, 0.8892226219177246, 0.8660348057746887, 0.7582381367683411], [0.8717495203018188, 1.0000001192092896, 0.9855901598930359, 0.8890233039855957, 0.762773334980011], [0.8892226219177246, 0.9855901598930359, 1.0000001192092896, 0.884505033493042, 0.7546663880348206], [0.8660348057746887, 0.8890233039855957, 0.884505033493042, 1.0, 0.9093919396400452], [0.7582381367683411, 0.762773334980011, 0.7546663880348206, 0.9093919396400452, 1.0000001192092896]]}, {"round": 28, "client_ids": [0, 1, 2, 3, 4], "matrix": [[0.9999999403953552, 0.9267610311508179, 0.9410306811332703, 0.8996855020523071, 0.8142194747924805], [0.9267610311508179, 0.9999998211860657, 0.978726327419281, 0.8827509880065918, 0.7748215198516846], [0.9410306811332703, 0.978726327419281, 0.9999999403953552, 0.8791306614875793, 0.75980544090271], [0.8996855020523071, 0.8827509880065918, 0.8791306614875793, 0.9999998807907104, 0.8910112380981445], [0.8142194747924805, 0.7748215198516846, 0.75980544090271, 0.8910112380981445, 1.0000001192092896]]}, {"round": 29, "client_ids": [0, 1, 2, 3, 4], "matrix": [[0.9999998211860657, 0.9400942325592041, 0.9403821229934692, 0.9159877300262451, 0.8230148553848267], [0.9400942325592041, 1.0, 0.9774899482727051, 0.9088307023048401, 0.7763978242874146], [0.9403821229934692, 0.9774899482727051, 1.0000001192092896, 0.8770681619644165, 0.762283444404602], [0.9159877300262451, 0.9088307023048401, 0.8770681619644165, 0.9999998211860657, 0.8891978859901428], [0.8230148553848267, 0.7763978242874146, 0.762283444404602, 0.8891978859901428, 1.0]]}, {"round": 30, "client_ids": [0, 1, 2, 3, 4], "matrix": [[1.0, 0.8901655077934265, 0.8829305768013, 0.8542647361755371, 0.6997915506362915], [0.8901655077934265, 1.0000001192092896, 0.9836390018463135, 0.9133493304252625, 0.8177400827407837], [0.8829305768013, 0.9836390018463135, 1.0000001192092896, 0.885903537273407, 0.7866588830947876], [0.8542647361755371, 0.9133493304252625, 0.885903537273407, 1.0000001192092896, 0.8810033798217773], [0.6997915506362915, 0.8177400827407837, 0.7866588830947876, 0.8810033798217773, 1.0]]}, {"round": 31, "client_ids": [0, 1, 2, 3, 4], "matrix": [[1.0000001192092896, 0.9095738530158997, 0.8979368209838867, 0.8683056235313416, 0.7586246132850647], [0.9095738530158997, 0.9999997615814209, 0.9809912443161011, 0.9103296399116516, 0.7886600494384766], [0.8979368209838867, 0.9809912443161011, 1.0, 0.873773992061615, 0.7580313086509705], [0.8683056235313416, 0.9103296399116516, 0.873773992061615, 1.0000001192092896, 0.9229009747505188], [0.7586246132850647, 0.7886600494384766, 0.7580313086509705, 0.9229009747505188, 1.0]]}, {"round": 32, "client_ids": [0, 1, 2, 3, 4], "matrix": [[1.0000001192092896, 0.8458778858184814, 0.839978814125061, 0.7332331538200378, 0.5112769603729248], [0.8458778858184814, 1.000000238418579, 0.9846588969230652, 0.883313775062561, 0.661577582359314], [0.839978814125061, 0.9846588969230652, 0.9999999403953552, 0.8632000684738159, 0.6630926132202148], [0.7332331538200378, 0.883313775062561, 0.8632000684738159, 1.0000001192092896, 0.882535457611084], [0.5112769603729248, 0.661577582359314, 0.6630926132202148, 0.882535457611084, 0.9999999403953552]]}, {"round": 33, "client_ids": [0, 1, 2, 3, 4], "matrix": [[0.9999997019767761, 0.9099161028862, 0.9193830490112305, 0.9106004238128662, 0.7460748553276062], [0.9099161028862, 0.9999999403953552, 0.9730132818222046, 0.8972594738006592, 0.7568657398223877], [0.9193830490112305, 0.9730132818222046, 1.0, 0.8647677302360535, 0.7205138206481934], [0.9106004238128662, 0.8972594738006592, 0.8647677302360535, 0.9999998807907104, 0.8755800127983093], [0.7460748553276062, 0.7568657398223877, 0.7205138206481934, 0.8755800127983093, 0.9999998807907104]]}, {"round": 34, "client_ids": [0, 1, 2, 3, 4], "matrix": [[1.0000001192092896, 0.9151131510734558, 0.9252465963363647, 0.8921981453895569, 0.7988511323928833], [0.9151131510734558, 0.9999999403953552, 0.9707667231559753, 0.9037429094314575, 0.8299075961112976], [0.9252465963363647, 0.9707667231559753, 1.0000001192092896, 0.8535829186439514, 0.7625792622566223], [0.8921981453895569, 0.9037429094314575, 0.8535829186439514, 1.000000238418579, 0.932218611240387], [0.7988511323928833, 0.8299075961112976, 0.7625792622566223, 0.932218611240387, 1.0000001192092896]]}, {"round": 35, "client_ids": [0, 1, 2, 3, 4], "matrix": [[1.0000001192092896, 0.9259275197982788, 0.9051482081413269, 0.8622095584869385, 0.7415473461151123], [0.9259275197982788, 1.0000001192092896, 0.9600653648376465, 0.9075937867164612, 0.8159900307655334], [0.9051482081413269, 0.9600653648376465, 1.0000001192092896, 0.8789401054382324, 0.7368184328079224], [0.8622095584869385, 0.9075937867164612, 0.8789401054382324, 1.0000001192092896, 0.8799330592155457], [0.7415473461151123, 0.8159900307655334, 0.7368184328079224, 0.8799330592155457, 0.9999999403953552]]}, {"round": 36, "client_ids": [0, 1, 2, 3, 4], "matrix": [[0.9999999403953552, 0.8411006927490234, 0.8468003273010254, 0.8847147822380066, 0.763376772403717], [0.8411006927490234, 0.9999999403953552, 0.9509189128875732, 0.9056844115257263, 0.8262577056884766], [0.8468003273010254, 0.9509189128875732, 1.0000001192092896, 0.889532744884491, 0.7710328102111816], [0.8847147822380066, 0.9056844115257263, 0.889532744884491, 1.0, 0.8880624175071716], [0.763376772403717, 0.8262577056884766, 0.7710328102111816, 0.8880624175071716, 0.9999998211860657]]}, {"round": 37, "client_ids": [0, 1, 2, 3, 4], "matrix": [[0.9999998807907104, 0.9075189828872681, 0.8972803950309753, 0.8364548683166504, 0.8109363317489624], [0.9075189828872681, 0.9999997615814209, 0.9705789685249329, 0.9128137230873108, 0.8263156414031982], [0.8972803950309753, 0.9705789685249329, 0.9999998211860657, 0.8597102165222168, 0.7788445949554443], [0.8364548683166504, 0.9128137230873108, 0.8597102165222168, 0.9999997019767761, 0.8871105909347534], [0.8109363317489624, 0.8263156414031982, 0.7788445949554443, 0.8871105909347534, 1.0000001192092896]]}, {"round": 38, "client_ids": [0, 1, 2, 3, 4], "matrix": [[0.9999999403953552, 0.8943384289741516, 0.874485194683075, 0.8626769185066223, 0.7587478160858154], [0.8943384289741516, 1.0000003576278687, 0.9195958375930786, 0.9291756749153137, 0.8536949157714844], [0.874485194683075, 0.9195958375930786, 0.9999998807907104, 0.8707340955734253, 0.7952298521995544], [0.8626769185066223, 0.9291756749153137, 0.8707340955734253, 0.9999999403953552, 0.9132963418960571], [0.7587478160858154, 0.8536949157714844, 0.7952298521995544, 0.9132963418960571, 1.0]]}, {"round": 39, "client_ids": [0, 1, 2, 3, 4], "matrix": [[1.0, 0.876960813999176, 0.8410126566886902, 0.8663498759269714, 0.7857585549354553], [0.876960813999176, 1.0000001192092896, 0.9474092125892639, 0.9335086941719055, 0.8043498396873474], [0.8410126566886902, 0.9474092125892639, 0.9999998807907104, 0.8601363897323608, 0.713225781917572], [0.8663498759269714, 0.9335086941719055, 0.8601363897323608, 1.0, 0.8835266828536987], [0.7857585549354553, 0.8043498396873474, 0.713225781917572, 0.8835266828536987, 1.0]]}, {"round": 40, "client_ids": [0, 1, 2, 3, 4], "matrix": [[0.9999997019767761, 0.8994346261024475, 0.8694620728492737, 0.8993821740150452, 0.7725118398666382], [0.8994346261024475, 1.0000001192092896, 0.946083664894104, 0.9404134154319763, 0.8254072070121765], [0.8694620728492737, 0.946083664894104, 0.9999997615814209, 0.8591431975364685, 0.7689143419265747], [0.8993821740150452, 0.9404134154319763, 0.8591431975364685, 1.0000001192092896, 0.8751249313354492], [0.7725118398666382, 0.8254072070121765, 0.7689143419265747, 0.8751249313354492, 0.9999997615814209]]}, {"round": 41, "client_ids": [0, 1, 2, 3, 4], "matrix": [[1.0000001192092896, 0.9063313603401184, 0.9056695103645325, 0.8984570503234863, 0.8568992018699646], [0.9063313603401184, 0.9999997019767761, 0.9364764094352722, 0.950103223323822, 0.8686133027076721], [0.9056695103645325, 0.9364764094352722, 1.0, 0.8888497352600098, 0.8386297225952148], [0.8984570503234863, 0.950103223323822, 0.8888497352600098, 0.9999997615814209, 0.9034672379493713], [0.8568992018699646, 0.8686133027076721, 0.8386297225952148, 0.9034672379493713, 1.0]]}, {"round": 42, "client_ids": [0, 1, 2, 3, 4], "matrix": [[0.9999999403953552, 0.9308532476425171, 0.9017025828361511, 0.9236639142036438, 0.7514997124671936], [0.9308532476425171, 1.0, 0.9488853812217712, 0.9482153058052063, 0.7913698554039001], [0.9017025828361511, 0.9488853812217712, 1.0000001192092896, 0.8995718359947205, 0.7524365186691284], [0.9236639142036438, 0.9482153058052063, 0.8995718359947205, 1.0000001192092896, 0.8480004668235779], [0.7514997124671936, 0.7913698554039001, 0.7524365186691284, 0.8480004668235779, 0.9999998211860657]]}, {"round": 43, "client_ids": [0, 1, 2, 3, 4], "matrix": [[1.0, 0.9295288324356079, 0.9305338859558105, 0.9331254363059998, 0.7859274744987488], [0.9295288324356079, 1.0, 0.9460456371307373, 0.9518314003944397, 0.8481758236885071], [0.9305338859558105, 0.9460456371307373, 0.9999998807907104, 0.8986213803291321, 0.759753406047821], [0.9331254363059998, 0.9518314003944397, 0.8986213803291321, 1.0000001192092896, 0.8725461363792419], [0.7859274744987488, 0.8481758236885071, 0.759753406047821, 0.8725461363792419, 1.0000001192092896]]}, {"round": 44, "client_ids": [0, 1, 2, 3, 4], "matrix": [[1.0, 0.9073376655578613, 0.9129142165184021, 0.9055195450782776, 0.8975526690483093], [0.9073376655578613, 0.9999999403953552, 0.9258108735084534, 0.9545471668243408, 0.886125385761261], [0.9129142165184021, 0.9258108735084534, 0.9999999403953552, 0.8973851799964905, 0.7815587520599365], [0.9055195450782776, 0.9545471668243408, 0.8973851799964905, 0.9999999403953552, 0.8779632449150085], [0.8975526690483093, 0.886125385761261, 0.7815587520599365, 0.8779632449150085, 0.9999998807907104]]}, {"round": 45, "client_ids": [0, 1, 2, 3, 4], "matrix": [[1.0000001192092896, 0.8725209832191467, 0.8528971672058105, 0.8732317090034485, 0.744427502155304], [0.8725209832191467, 1.0000001192092896, 0.8881383538246155, 0.9451546669006348, 0.9068530797958374], [0.8528971672058105, 0.8881383538246155, 1.0, 0.8987363576889038, 0.7702648639678955], [0.8732317090034485, 0.9451546669006348, 0.8987363576889038, 1.0000001192092896, 0.898705244064331], [0.744427502155304, 0.9068530797958374, 0.7702648639678955, 0.898705244064331, 1.0]]}, {"round": 46, "client_ids": [0, 1, 2, 3, 4], "matrix": [[1.000000238418579, 0.8975818753242493, 0.8852969408035278, 0.8926683068275452, 0.6176316142082214], [0.8975818753242493, 1.0, 0.9228177666664124, 0.9467924237251282, 0.7827003002166748], [0.8852969408035278, 0.9228177666664124, 0.9999998211860657, 0.903556764125824, 0.7381704449653625], [0.8926683068275452, 0.9467924237251282, 0.903556764125824, 0.9999999403953552, 0.7982183694839478], [0.6176316142082214, 0.7827003002166748, 0.7381704449653625, 0.7982183694839478, 0.9999999403953552]]}, {"round": 47, "client_ids": [0, 1, 2, 3, 4], "matrix": [[1.0, 0.8925740718841553, 0.9262889623641968, 0.8962289690971375, 0.8737754225730896], [0.8925740718841553, 1.0000001192092896, 0.8962030410766602, 0.939093828201294, 0.798896312713623], [0.9262889623641968, 0.8962030410766602, 0.9999998211860657, 0.8921622633934021, 0.7434331774711609], [0.8962289690971375, 0.939093828201294, 0.8921622633934021, 1.0000001192092896, 0.7781077027320862], [0.8737754225730896, 0.798896312713623, 0.7434331774711609, 0.7781077027320862, 0.9999999403953552]]}, {"round": 48, "client_ids": [0, 1, 2, 3, 4], "matrix": [[0.9999999403953552, 0.8909464478492737, 0.85151606798172, 0.874955415725708, 0.7405045628547668], [0.8909464478492737, 1.0, 0.9142492413520813, 0.9475691318511963, 0.8727415204048157], [0.85151606798172, 0.9142492413520813, 1.0, 0.9103543162345886, 0.7970519065856934], [0.874955415725708, 0.9475691318511963, 0.9103543162345886, 0.9999999403953552, 0.9078478813171387], [0.7405045628547668, 0.8727415204048157, 0.7970519065856934, 0.9078478813171387, 1.0000001192092896]]}, {"round": 49, "client_ids": [0, 1, 2, 3, 4], "matrix": [[1.0000001192092896, 0.9067147374153137, 0.9400927424430847, 0.9305450320243835, 0.8898001909255981], [0.9067147374153137, 0.9999999403953552, 0.9164291620254517, 0.9473044276237488, 0.8555956482887268], [0.9400927424430847, 0.9164291620254517, 0.9999999403953552, 0.9238704442977905, 0.8127487301826477], [0.9305450320243835, 0.9473044276237488, 0.9238704442977905, 1.0, 0.893937349319458], [0.8898001909255981, 0.8555956482887268, 0.8127487301826477, 0.893937349319458, 1.0]]}, {"round": 50, "client_ids": [0, 1, 2, 3, 4], "matrix": [[1.0, 0.9265429377555847, 0.9423706531524658, 0.9214754104614258, 0.7858946323394775], [0.9265429377555847, 1.0000001192092896, 0.9328898191452026, 0.9368798136711121, 0.822452962398529], [0.9423706531524658, 0.9328898191452026, 1.0000001192092896, 0.8790122866630554, 0.7066394090652466], [0.9214754104614258, 0.9368798136711121, 0.8790122866630554, 1.0, 0.8513370156288147], [0.7858946323394775, 0.822452962398529, 0.7066394090652466, 0.8513370156288147, 1.0000001192092896]]}, {"round": 51, "client_ids": [0, 1, 2, 3, 4], "matrix": [[0.9999999403953552, 0.8347402215003967, 0.8127254247665405, 0.8388315439224243, 0.6911062598228455], [0.8347402215003967, 1.0000001192092896, 0.9222860932350159, 0.933078944683075, 0.8606342673301697], [0.8127254247665405, 0.9222860932350159, 0.9999999403953552, 0.8873746991157532, 0.7391237616539001], [0.8388315439224243, 0.933078944683075, 0.8873746991157532, 0.9999999403953552, 0.8990015983581543], [0.6911062598228455, 0.8606342673301697, 0.7391237616539001, 0.8990015983581543, 1.0000001192092896]]}, {"round": 52, "client_ids": [0, 1, 2, 3, 4], "matrix": [[0.9999997615814209, 0.8947359919548035, 0.9369780421257019, 0.9208287596702576, 0.900566577911377], [0.8947359919548035, 1.0, 0.9370825886726379, 0.9368410110473633, 0.8269237875938416], [0.9369780421257019, 0.9370825886726379, 0.9999999403953552, 0.9218811392784119, 0.789631724357605], [0.9208287596702576, 0.9368410110473633, 0.9218811392784119, 1.000000238418579, 0.8729636669158936], [0.900566577911377, 0.8269237875938416, 0.789631724357605, 0.8729636669158936, 1.0]]}, {"round": 53, "client_ids": [0, 1, 2, 3, 4], "matrix": [[0.9999999403953552, 0.8377246260643005, 0.8001348376274109, 0.8392601609230042, 0.6033480167388916], [0.8377246260643005, 1.0, 0.9283658266067505, 0.9596740007400513, 0.8579584956169128], [0.8001348376274109, 0.9283658266067505, 0.9999999403953552, 0.8839045763015747, 0.7989915013313293], [0.8392601609230042, 0.9596740007400513, 0.8839045763015747, 0.9999999403953552, 0.879375696182251], [0.6033480167388916, 0.8579584956169128, 0.7989915013313293, 0.879375696182251, 0.9999999403953552]]}, {"round": 54, "client_ids": [0, 1, 2, 3, 4], "matrix": [[1.0, 0.9137157201766968, 0.9141191840171814, 0.9207754135131836, 0.8438816070556641], [0.9137157201766968, 0.9999998211860657, 0.9155020713806152, 0.9425712823867798, 0.9030967950820923], [0.9141191840171814, 0.9155020713806152, 1.0, 0.8962711095809937, 0.8369466662406921], [0.9207754135131836, 0.9425712823867798, 0.8962711095809937, 1.0000001192092896, 0.9262640476226807], [0.8438816070556641, 0.9030967950820923, 0.8369466662406921, 0.9262640476226807, 0.9999999403953552]]}, {"round": 55, "client_ids": [0, 1, 2, 3, 4], "matrix": [[1.0000001192092896, 0.8717864155769348, 0.8967649936676025, 0.9018659591674805, 0.8232709765434265], [0.8717864155769348, 1.000000238418579, 0.9473954439163208, 0.9402762651443481, 0.7819398045539856], [0.8967649936676025, 0.9473954439163208, 0.9999998807907104, 0.894207775592804, 0.7060158252716064], [0.9018659591674805, 0.9402762651443481, 0.894207775592804, 1.0, 0.862136960029602], [0.8232709765434265, 0.7819398045539856, 0.7060158252716064, 0.862136960029602, 0.9999999403953552]]}, {"round": 56, "client_ids": [0, 1, 2, 3, 4], "matrix": [[1.0000001192092896, 0.9527485966682434, 0.9406700134277344, 0.9077608585357666, 0.8111215829849243], [0.9527485966682434, 0.9999999403953552, 0.9288542866706848, 0.922364354133606, 0.8280439972877502], [0.9406700134277344, 0.9288542866706848, 1.0, 0.8702095150947571, 0.764960527420044], [0.9077608585357666, 0.922364354133606, 0.8702095150947571, 1.0, 0.8999093770980835], [0.8111215829849243, 0.8280439972877502, 0.764960527420044, 0.8999093770980835, 0.9999997615814209]]}, {"round": 57, "client_ids": [0, 1, 2, 3, 4], "matrix": [[1.0, 0.8834701180458069, 0.8589242696762085, 0.8428416848182678, 0.7124599814414978], [0.8834701180458069, 0.9999999403953552, 0.9104335308074951, 0.9283708333969116, 0.8584353923797607], [0.8589242696762085, 0.9104335308074951, 0.9999999403953552, 0.8851133584976196, 0.7720159888267517], [0.8428416848182678, 0.9283708333969116, 0.8851133584976196, 1.0000001192092896, 0.8937951922416687], [0.7124599814414978, 0.8584353923797607, 0.7720159888267517, 0.8937951922416687, 0.9999998807907104]]}, {"round": 58, "client_ids": [0, 1, 2, 3, 4], "matrix": [[1.0, 0.926702618598938, 0.9155322909355164, 0.8863802552223206, 0.7450106739997864], [0.926702618598938, 1.0, 0.9410364627838135, 0.948350191116333, 0.8401485085487366], [0.9155322909355164, 0.9410364627838135, 0.9999999403953552, 0.9028452038764954, 0.735494077205658], [0.8863802552223206, 0.948350191116333, 0.9028452038764954, 0.9999998807907104, 0.8769531846046448], [0.7450106739997864, 0.8401485085487366, 0.735494077205658, 0.8769531846046448, 1.0]]}, {"round": 59, "client_ids": [0, 1, 2, 3, 4], "matrix": [[1.0, 0.941887617111206, 0.9363133311271667, 0.9331775307655334, 0.7699559926986694], [0.941887617111206, 0.9999998211860657, 0.9086470603942871, 0.9413504600524902, 0.8148171901702881], [0.9363133311271667, 0.9086470603942871, 1.0000001192092896, 0.8766338229179382, 0.7730064392089844], [0.9331775307655334, 0.9413504600524902, 0.8766338229179382, 1.0, 0.8828716278076172], [0.7699559926986694, 0.8148171901702881, 0.7730064392089844, 0.8828716278076172, 1.0000001192092896]]}, {"round": 60, "client_ids": [0, 1, 2, 3, 4], "matrix": [[1.0000001192092896, 0.9156008362770081, 0.8886006474494934, 0.8717402815818787, 0.6035051941871643], [0.9156008362770081, 1.0, 0.9233548641204834, 0.9350529313087463, 0.7720260620117188], [0.8886006474494934, 0.9233548641204834, 1.0000001192092896, 0.8981632590293884, 0.7926276326179504], [0.8717402815818787, 0.9350529313087463, 0.8981632590293884, 0.9999999403953552, 0.855671763420105], [0.6035051941871643, 0.7720260620117188, 0.7926276326179504, 0.855671763420105, 0.9999998211860657]]}, {"round": 61, "client_ids": [0, 1, 2, 3, 4], "matrix": [[1.0000001192092896, 0.8945983648300171, 0.857825517654419, 0.8853688836097717, 0.6604229211807251], [0.8945983648300171, 1.0000001192092896, 0.8960669636726379, 0.930940568447113, 0.7871989011764526], [0.857825517654419, 0.8960669636726379, 1.0000001192092896, 0.8981569409370422, 0.7373248338699341], [0.8853688836097717, 0.930940568447113, 0.8981569409370422, 0.9999997615814209, 0.8177714943885803], [0.6604229211807251, 0.7871989011764526, 0.7373248338699341, 0.8177714943885803, 1.000000238418579]]}, {"round": 62, "client_ids": [0, 1, 2, 3, 4], "matrix": [[0.9999999403953552, 0.9323524236679077, 0.9550967216491699, 0.9018669724464417, 0.8222362399101257], [0.9323524236679077, 0.9999998807907104, 0.9131296277046204, 0.9205050468444824, 0.7543402314186096], [0.9550967216491699, 0.9131296277046204, 1.0000001192092896, 0.8437414765357971, 0.7555543780326843], [0.9018669724464417, 0.9205050468444824, 0.8437414765357971, 1.0, 0.8180469274520874], [0.8222362399101257, 0.7543402314186096, 0.7555543780326843, 0.8180469274520874, 1.0000001192092896]]}, {"round": 63, "client_ids": [0, 1, 2, 3, 4], "matrix": [[1.0, 0.84739750623703, 0.9078332781791687, 0.8294090628623962, 0.9291369915008545], [0.84739750623703, 1.0, 0.9231079816818237, 0.896162748336792, 0.7414722442626953], [0.9078332781791687, 0.9231079816818237, 1.0, 0.8429756760597229, 0.7872806787490845], [0.8294090628623962, 0.896162748336792, 0.8429756760597229, 0.9999998807907104, 0.7834095358848572], [0.9291369915008545, 0.7414722442626953, 0.7872806787490845, 0.7834095358848572, 1.0]]}, {"round": 64, "client_ids": [0, 1, 2, 3, 4], "matrix": [[0.9999998807907104, 0.9356979131698608, 0.9270428419113159, 0.9345546364784241, 0.8549931049346924], [0.9356979131698608, 1.0000001192092896, 0.9004565477371216, 0.9090038537979126, 0.7881256341934204], [0.9270428419113159, 0.9004565477371216, 1.0000001192092896, 0.8600823283195496, 0.840867817401886], [0.9345546364784241, 0.9090038537979126, 0.8600823283195496, 1.0, 0.7956416606903076], [0.8549931049346924, 0.7881256341934204, 0.840867817401886, 0.7956416606903076, 0.9999998807907104]]}, {"round": 65, "client_ids": [0, 1, 2, 3, 4], "matrix": [[1.0, 0.8304784297943115, 0.8393257856369019, 0.8321773409843445, 0.5578116774559021], [0.8304784297943115, 0.9999998807907104, 0.8954157829284668, 0.8957414031028748, 0.782575249671936], [0.8393257856369019, 0.8954157829284668, 1.0000001192092896, 0.8737547993659973, 0.8210492134094238], [0.8321773409843445, 0.8957414031028748, 0.8737547993659973, 0.9999998211860657, 0.7979808449745178], [0.5578116774559021, 0.782575249671936, 0.8210492134094238, 0.7979808449745178, 0.9999998211860657]]}, {"round": 66, "client_ids": [0, 1, 2, 3, 4], "matrix": [[0.9999999403953552, 0.7189921140670776, 0.823066771030426, 0.6887087821960449, 0.8593973517417908], [0.7189921140670776, 0.9999999403953552, 0.9241898059844971, 0.9131278991699219, 0.8392427563667297], [0.823066771030426, 0.9241898059844971, 1.0, 0.8685380220413208, 0.8348881006240845], [0.6887087821960449, 0.9131278991699219, 0.8685380220413208, 0.9999998807907104, 0.8503892421722412], [0.8593973517417908, 0.8392427563667297, 0.8348881006240845, 0.8503892421722412, 1.000000238418579]]}, {"round": 67, "client_ids": [0, 1, 2, 3, 4], "matrix": [[0.9999998807907104, 0.8781148791313171, 0.9102602005004883, 0.8425219655036926, 0.8488752245903015], [0.8781148791313171, 1.0, 0.9359418749809265, 0.8871000409126282, 0.8207130432128906], [0.9102602005004883, 0.9359418749809265, 0.9999998807907104, 0.8574201464653015, 0.766886830329895], [0.8425219655036926, 0.8871000409126282, 0.8574201464653015, 1.0000001192092896, 0.8907063603401184], [0.8488752245903015, 0.8207130432128906, 0.766886830329895, 0.8907063603401184, 1.0000001192092896]]}, {"round": 68, "client_ids": [0, 1, 2, 3, 4], "matrix": [[0.9999998211860657, 0.9252572059631348, 0.8956527709960938, 0.8738476037979126, 0.8149715065956116], [0.9252572059631348, 1.000000238418579, 0.9276782274246216, 0.8959687948226929, 0.8246660232543945], [0.8956527709960938, 0.9276782274246216, 1.0000001192092896, 0.8431617617607117, 0.8426135778427124], [0.8738476037979126, 0.8959687948226929, 0.8431617617607117, 1.0000001192092896, 0.8606922626495361], [0.8149715065956116, 0.8246660232543945, 0.8426135778427124, 0.8606922626495361, 1.0]]}, {"round": 69, "client_ids": [0, 1, 2, 3, 4], "matrix": [[1.0000001192092896, 0.9262919425964355, 0.9224281311035156, 0.8913721442222595, 0.781802773475647], [0.9262919425964355, 0.9999998807907104, 0.9302263855934143, 0.904014527797699, 0.8476675152778625], [0.9224281311035156, 0.9302263855934143, 1.0, 0.8602442741394043, 0.858811616897583], [0.8913721442222595, 0.904014527797699, 0.8602442741394043, 0.9999998211860657, 0.8455477952957153], [0.781802773475647, 0.8476675152778625, 0.858811616897583, 0.8455477952957153, 1.0000001192092896]]}, {"round": 70, "client_ids": [0, 1, 2, 3, 4], "matrix": [[0.9999997615814209, 0.9224260449409485, 0.8853408098220825, 0.8897802829742432, 0.7673996686935425], [0.9224260449409485, 1.000000238418579, 0.9472960233688354, 0.9181241989135742, 0.8475498557090759], [0.8853408098220825, 0.9472960233688354, 1.0000001192092896, 0.8402730226516724, 0.7851443290710449], [0.8897802829742432, 0.9181241989135742, 0.8402730226516724, 1.0000001192092896, 0.8757230043411255], [0.7673996686935425, 0.8475498557090759, 0.7851443290710449, 0.8757230043411255, 1.0000001192092896]]}, {"round": 71, "client_ids": [0, 1, 2, 3, 4], "matrix": [[0.9999998211860657, 0.9075076580047607, 0.8856597542762756, 0.8520189523696899, 0.7223101258277893], [0.9075076580047607, 1.0000001192092896, 0.9455339908599854, 0.9328494071960449, 0.831395149230957], [0.8856597542762756, 0.9455339908599854, 0.9999999403953552, 0.8767070770263672, 0.8014654517173767], [0.8520189523696899, 0.9328494071960449, 0.8767070770263672, 1.0, 0.9168357849121094], [0.7223101258277893, 0.831395149230957, 0.8014654517173767, 0.9168357849121094, 1.0000001192092896]]}, {"round": 72, "client_ids": [0, 1, 2, 3, 4], "matrix": [[1.0000001192092896, 0.9264777898788452, 0.9456892013549805, 0.9337047338485718, 0.8676947951316833], [0.9264777898788452, 1.0000001192092896, 0.9211081862449646, 0.9216213226318359, 0.8042848706245422], [0.9456892013549805, 0.9211081862449646, 1.0, 0.908221423625946, 0.7892702221870422], [0.9337047338485718, 0.9216213226318359, 0.908221423625946, 0.9999998807907104, 0.8797046542167664], [0.8676947951316833, 0.8042848706245422, 0.7892702221870422, 0.8797046542167664, 1.0]]}, {"round": 73, "client_ids": [0, 1, 2, 3, 4], "matrix": [[1.0000001192092896, 0.9265571236610413, 0.9422563314437866, 0.9035614132881165, 0.8384392261505127], [0.9265571236610413, 1.0, 0.902301549911499, 0.9156308174133301, 0.820061206817627], [0.9422563314437866, 0.902301549911499, 0.9999999403953552, 0.8956369757652283, 0.7861688733100891], [0.9035614132881165, 0.9156308174133301, 0.8956369757652283, 0.9999998807907104, 0.8754866719245911], [0.8384392261505127, 0.820061206817627, 0.7861688733100891, 0.8754866719245911, 1.000000238418579]]}, {"round": 74, "client_ids": [0, 1, 2, 3, 4], "matrix": [[1.0, 0.919587254524231, 0.8793447017669678, 0.7086614370346069, 0.742518961429596], [0.919587254524231, 1.0, 0