{"dataset": ["BZR"], "num_clients": 10, "total_rounds_recorded": 100, "history": [{"round": 1, "client_ids": [0, 1, 2, 3, 4, 5, 6, 7, 8, 9], "matrix": [[1.0, 0.39213278889656067, 0.5154306888580322, 0.4405604600906372, 0.43631893396377563, 0.5787498354911804, 0.5501025319099426, 0.4255584478378296, 0.48279017210006714, 0.5179681777954102], [0.39213278889656067, 1.0, 0.6110594272613525, 0.2898896038532257, 0.38758957386016846, 0.3584161400794983, 0.5322319269180298, 0.46137240529060364, 0.6109610795974731, 0.3929539918899536], [0.5154306888580322, 0.6110594272613525, 1.0, 0.3689892292022705, 0.3147226572036743, 0.3698146939277649, 0.6206287145614624, 0.34724539518356323, 0.5150514245033264, 0.4542892873287201], [0.4405604600906372, 0.2898896038532257, 0.3689892292022705, 1.0000001192092896, 0.39687344431877136, 0.3127921521663666, 0.3727026879787445, 0.40703850984573364, 0.4149545431137085, 0.3479999303817749], [0.43631893396377563, 0.38758957386016846, 0.3147226572036743, 0.39687344431877136, 1.0, 0.397102415561676, 0.3242168128490448, 0.33786553144454956, 0.35430240631103516, 0.2458605170249939], [0.5787498354911804, 0.3584161400794983, 0.3698146939277649, 0.3127921521663666, 0.397102415561676, 1.000000238418579, 0.38325175642967224, 0.47970789670944214, 0.33393439650535583, 0.49791091680526733], [0.5501025319099426, 0.5322319269180298, 0.6206287145614624, 0.3727026879787445, 0.3242168128490448, 0.38325175642967224, 1.0000001192092896, 0.3753017783164978, 0.39507079124450684, 0.45564723014831543], [0.4255584478378296, 0.46137240529060364, 0.34724539518356323, 0.40703850984573364, 0.33786553144454956, 0.47970789670944214, 0.3753017783164978, 0.9999998807907104, 0.3908028304576874, 0.2944687008857727], [0.48279017210006714, 0.6109610795974731, 0.5150514245033264, 0.4149545431137085, 0.35430240631103516, 0.33393439650535583, 0.39507079124450684, 0.3908028304576874, 1.0, 0.38898730278015137], [0.5179681777954102, 0.3929539918899536, 0.4542892873287201, 0.3479999303817749, 0.2458605170249939, 0.49791091680526733, 0.45564723014831543, 0.2944687008857727, 0.38898730278015137, 1.0000001192092896]]}, {"round": 2, "client_ids": [0, 1, 2, 3, 4, 5, 6, 7, 8, 9], "matrix": [[0.9999999403953552, 0.9964861869812012, 0.9969549775123596, 0.9964848160743713, 0.994170069694519, 0.9982490539550781, 0.9970602989196777, 0.9945799112319946, 0.9953486919403076, 0.9961408376693726], [0.9964861869812012, 1.0, 0.9971143007278442, 0.9962826371192932, 0.9909804463386536, 0.9962251782417297, 0.9970574975013733, 0.9951227903366089, 0.995353102684021, 0.9924995303153992], [0.9969549775123596, 0.9971143007278442, 1.0, 0.9965677261352539, 0.9906445741653442, 0.9972261190414429, 0.9973336458206177, 0.9952265024185181, 0.9949946403503418, 0.994504988193512], [0.9964848160743713, 0.9962826371192932, 0.9965677261352539, 1.0, 0.9919214248657227, 0.9976840615272522, 0.9969314336776733, 0.9956081509590149, 0.9960619211196899, 0.9954925775527954], [0.994170069694519, 0.9909804463386536, 0.9906445741653442, 0.9919214248657227, 0.9999999403953552, 0.994457483291626, 0.9912405014038086, 0.9873441457748413, 0.9949113130569458, 0.995843231678009], [0.9982490539550781, 0.9962251782417297, 0.9972261190414429, 0.9976840615272522, 0.994457483291626, 0.9999998807907104, 0.9972379207611084, 0.9948877692222595, 0.9974095225334167, 0.9969291687011719], [0.9970602989196777, 0.9970574975013733, 0.9973336458206177, 0.9969314336776733, 0.9912405014038086, 0.9972379207611084, 0.9999998807907104, 0.9957238435745239, 0.9960051774978638, 0.99373459815979], [0.9945799112319946, 0.9951227903366089, 0.9952265024185181, 0.9956081509590149, 0.9873441457748413, 0.9948877692222595, 0.9957238435745239, 1.0, 0.9932763576507568, 0.9917405843734741], [0.9953486919403076, 0.995353102684021, 0.9949946403503418, 0.9960619211196899, 0.9949113130569458, 0.9974095225334167, 0.9960051774978638, 0.9932763576507568, 1.0000001192092896, 0.9966663122177124], [0.9961408376693726, 0.9924995303153992, 0.994504988193512, 0.9954925775527954, 0.995843231678009, 0.9969291687011719, 0.99373459815979, 0.9917405843734741, 0.9966663122177124, 0.9999998807907104]]}, {"round": 3, "client_ids": [0, 1, 2, 3, 4, 5, 6, 7, 8, 9], "matrix": [[1.0, 0.997427225112915, 0.9986059665679932, 0.9972085952758789, 0.9973275661468506, 0.9981603622436523, 0.9982523918151855, 0.9977907538414001, 0.9967350363731384, 0.9975934028625488], [0.997427225112915, 1.0, 0.997931718826294, 0.9958724975585938, 0.9975127577781677, 0.9970400333404541, 0.9966036677360535, 0.9955424070358276, 0.9969445466995239, 0.996806263923645], [0.9986059665679932, 0.997931718826294, 1.0, 0.9974660873413086, 0.9972650408744812, 0.9976855516433716, 0.9976173043251038, 0.9973209500312805, 0.9963492155075073, 0.9967966079711914], [0.9972085952758789, 0.9958724975585938, 0.9974660873413086, 0.9999999403953552, 0.9964666366577148, 0.9976274967193604, 0.9968006610870361, 0.997755765914917, 0.9971967935562134, 0.9965054988861084], [0.9973275661468506, 0.9975127577781677, 0.9972650408744812, 0.9964666366577148, 1.0, 0.9961206912994385, 0.9972785711288452, 0.9971725940704346, 0.9974244832992554, 0.9961241483688354], [0.9981603622436523, 0.9970400333404541, 0.9976855516433716, 0.9976274967193604, 0.9961206912994385, 0.9999999403953552, 0.9972314834594727, 0.9961163997650146, 0.9966815710067749, 0.9976806640625], [0.9982523918151855, 0.9966036677360535, 0.9976173043251038, 0.9968006610870361, 0.9972785711288452, 0.9972314834594727, 1.0000001192092896, 0.9973676800727844, 0.996884822845459, 0.9964346885681152], [0.9977907538414001, 0.9955424070358276, 0.9973209500312805, 0.997755765914917, 0.9971725940704346, 0.9961163997650146, 0.9973676800727844, 1.0, 0.9968560934066772, 0.995599627494812], [0.9967350363731384, 0.9969445466995239, 0.9963492155075073, 0.9971967935562134, 0.9974244832992554, 0.9966815710067749, 0.996884822845459, 0.9968560934066772, 1.0, 0.995777428150177], [0.9975934028625488, 0.996806263923645, 0.9967966079711914, 0.9965054988861084, 0.9961241483688354, 0.9976806640625, 0.9964346885681152, 0.995599627494812, 0.995777428150177, 1.0000001192092896]]}, {"round": 4, "client_ids": [0, 1, 2, 3, 4, 5, 6, 7, 8, 9], "matrix": [[1.0, 0.9962776899337769, 0.9972718954086304, 0.9953732490539551, 0.9968347549438477, 0.9944871664047241, 0.9974285960197449, 0.9970022439956665, 0.9952937960624695, 0.9943721294403076], [0.9962776899337769, 1.0, 0.9959220290184021, 0.9935579299926758, 0.9961187839508057, 0.9923048615455627, 0.9967402219772339, 0.9952223300933838, 0.9946743249893188, 0.9923536777496338], [0.9972718954086304, 0.9959220290184021, 0.9999998807907104, 0.99583899974823, 0.9951155185699463, 0.9952716827392578, 0.9961820840835571, 0.9969769716262817, 0.9947972893714905, 0.9943540692329407], [0.9953732490539551, 0.9935579299926758, 0.99583899974823, 1.0, 0.9945483207702637, 0.992888867855072, 0.9936946630477905, 0.9968306422233582, 0.9935447573661804, 0.9936107397079468], [0.9968347549438477, 0.9961187839508057, 0.9951155185699463, 0.9945483207702637, 0.9999998807907104, 0.9962522983551025, 0.9961299896240234, 0.9959943294525146, 0.9969327449798584, 0.9970241189002991], [0.9944871664047241, 0.9923048615455627, 0.9952716827392578, 0.992888867855072, 0.9962522983551025, 0.9999998807907104, 0.9938534498214722, 0.9942577481269836, 0.9960228800773621, 0.9982468485832214], [0.9974285960197449, 0.9967402219772339, 0.9961820840835571, 0.9936946630477905, 0.9961299896240234, 0.9938534498214722, 1.0, 0.9957505464553833, 0.9952744841575623, 0.9943323731422424], [0.9970022439956665, 0.9952223300933838, 0.9969769716262817, 0.9968306422233582, 0.9959943294525146, 0.9942577481269836, 0.9957505464553833, 1.0, 0.9942339658737183, 0.9934359192848206], [0.9952937960624695, 0.9946743249893188, 0.9947972893714905, 0.9935447573661804, 0.9969327449798584, 0.9960228800773621, 0.9952744841575623, 0.9942339658737183, 0.9999999403953552, 0.9967808723449707], [0.9943721294403076, 0.9923536777496338, 0.9943540692329407, 0.9936107397079468, 0.9970241189002991, 0.9982468485832214, 0.9943323731422424, 0.9934359192848206, 0.9967808723449707, 0.9999999403953552]]}, {"round": 5, "client_ids": [0, 1, 2, 3, 4, 5, 6, 7, 8, 9], "matrix": [[1.0, 0.9894614815711975, 0.9933427572250366, 0.9894422292709351, 0.9916536808013916, 0.9909772872924805, 0.9927710294723511, 0.9925368428230286, 0.9919564723968506, 0.9881120324134827], [0.9894614815711975, 1.0, 0.9923907518386841, 0.9871139526367188, 0.9856489896774292, 0.981738269329071, 0.9914041757583618, 0.9893344640731812, 0.985478401184082, 0.9754241108894348], [0.9933427572250366, 0.9923907518386841, 1.0, 0.9912651777267456, 0.9853142499923706, 0.9844552278518677, 0.9923354387283325, 0.9935733079910278, 0.9879039525985718, 0.976969301700592], [0.9894422292709351, 0.9871139526367188, 0.9912651777267456, 1.0000001192092896, 0.9824203252792358, 0.9823223352432251, 0.9855471849441528, 0.9905436038970947, 0.9849178791046143, 0.9777130484580994], [0.9916536808013916, 0.9856489896774292, 0.9853142499923706, 0.9824203252792358, 1.0000001192092896, 0.9937489628791809, 0.9894644021987915, 0.9850145578384399, 0.9915337562561035, 0.9944453239440918], [0.9909772872924805, 0.981738269329071, 0.9844552278518677, 0.9823223352432251, 0.9937489628791809, 0.9999999403953552, 0.9846388101577759, 0.9811577200889587, 0.9920620322227478, 0.9949437975883484], [0.9927710294723511, 0.9914041757583618, 0.9923354387283325, 0.9855471849441528, 0.9894644021987915, 0.9846388101577759, 0.9999998807907104, 0.9928468465805054, 0.9872887134552002, 0.9823267459869385], [0.9925368428230286, 0.9893344640731812, 0.9935733079910278, 0.9905436038970947, 0.9850145578384399, 0.9811577200889587, 0.9928468465805054, 1.0, 0.9844963550567627, 0.9765637516975403], [0.9919564723968506, 0.985478401184082, 0.9879039525985718, 0.9849178791046143, 0.9915337562561035, 0.9920620322227478, 0.9872887134552002, 0.9844963550567627, 0.9999998211860657, 0.9903521537780762], [0.9881120324134827, 0.9754241108894348, 0.976969301700592, 0.9777130484580994, 0.9944453239440918, 0.9949437975883484, 0.9823267459869385, 0.9765637516975403, 0.9903521537780762, 1.0]]}, {"round": 6, "client_ids": [0, 1, 2, 3, 4, 5, 6, 7, 8, 9], "matrix": [[1.0000001192092896, 0.9878700375556946, 0.9794897437095642, 0.9649176001548767, 0.991230309009552, 0.9871643781661987, 0.9818639755249023, 0.9616043567657471, 0.9875692129135132, 0.9889505505561829], [0.9878700375556946, 1.0, 0.9843853712081909, 0.9720721244812012, 0.986321747303009, 0.9858535528182983, 0.9844012260437012, 0.9724588990211487, 0.9854210615158081, 0.9812854528427124], [0.9794897437095642, 0.9843853712081909, 0.9999999403953552, 0.9783370494842529, 0.9721821546554565, 0.9826613664627075, 0.9861010313034058, 0.977706789970398, 0.9830126762390137, 0.9700710773468018], [0.9649176001548767, 0.9720721244812012, 0.9783370494842529, 1.0, 0.9518826603889465, 0.9729067087173462, 0.9721447825431824, 0.9695084691047668, 0.9733396768569946, 0.956326961517334], [0.991230309009552, 0.986321747303009, 0.9721821546554565, 0.9518826603889465, 1.0, 0.9832378625869751, 0.9729547500610352, 0.9505869150161743, 0.9815378189086914, 0.9909882545471191], [0.9871643781661987, 0.9858535528182983, 0.9826613664627075, 0.9729067087173462, 0.9832378625869751, 1.0, 0.9780658483505249, 0.9633952975273132, 0.9824146032333374, 0.9832801818847656], [0.9818639755249023, 0.9844012260437012, 0.9861010313034058, 0.9721447825431824, 0.9729547500610352, 0.9780658483505249, 0.9999998807907104, 0.9803821444511414, 0.9811455011367798, 0.9671132564544678], [0.9616043567657471, 0.9724588990211487, 0.977706789970398, 0.9695084691047668, 0.9505869150161743, 0.9633952975273132, 0.9803821444511414, 1.0000001192092896, 0.9649799466133118, 0.9508739709854126], [0.9875692129135132, 0.9854210615158081, 0.9830126762390137, 0.9733396768569946, 0.9815378189086914, 0.9824146032333374, 0.9811455011367798, 0.9649799466133118, 0.9999998211860657, 0.9795811772346497], [0.9889505505561829, 0.9812854528427124, 0.9700710773468018, 0.956326961517334, 0.9909882545471191, 0.9832801818847656, 0.9671132564544678, 0.9508739709854126, 0.9795811772346497, 1.0]]}, {"round": 7, "client_ids": [0, 1, 2, 3, 4, 5, 6, 7, 8, 9], "matrix": [[1.0, 0.9865113496780396, 0.9821547269821167, 0.9622780084609985, 0.9866676330566406, 0.968231737613678, 0.983170211315155, 0.9662179946899414, 0.9778385162353516, 0.9739982485771179], [0.9865113496780396, 1.0, 0.9802533984184265, 0.9608948826789856, 0.9871082305908203, 0.9698871970176697, 0.9791019558906555, 0.9666715860366821, 0.9758477807044983, 0.9709275960922241], [0.9821547269821167, 0.9802533984184265, 1.000000238418579, 0.9695208072662354, 0.9790475368499756, 0.9809075593948364, 0.9840918779373169, 0.970116376876831, 0.9803975820541382, 0.9728197455406189], [0.9622780084609985, 0.9608948826789856, 0.9695208072662354, 1.0000001192092896, 0.9556867480278015, 0.9701157808303833, 0.9665451049804688, 0.9591568112373352, 0.9709376096725464, 0.9491857290267944], [0.9866676330566406, 0.9871082305908203, 0.9790475368499756, 0.9556867480278015, 0.9999998211860657, 0.9632278680801392, 0.9780479073524475, 0.9649394750595093, 0.9780485033988953, 0.9785822629928589], [0.968231737613678, 0.9698871970176697, 0.9809075593948364, 0.9701157808303833, 0.9632278680801392, 1.0, 0.9749287366867065, 0.9641406536102295, 0.9652630090713501, 0.9697157144546509], [0.983170211315155, 0.9791019558906555, 0.9840918779373169, 0.9665451049804688, 0.9780479073524475, 0.9749287366867065, 1.0, 0.9694156050682068, 0.9775710105895996, 0.9645267724990845], [0.9662179946899414, 0.9666715860366821, 0.970116376876831, 0.9591568112373352, 0.9649394750595093, 0.9641406536102295, 0.9694156050682068, 1.0000001192092896, 0.9624316096305847, 0.9729599952697754], [0.9778385162353516, 0.9758477807044983, 0.9803975820541382, 0.9709376096725464, 0.9780485033988953, 0.9652630090713501, 0.9775710105895996, 0.9624316096305847, 0.9999999403953552, 0.9632236361503601], [0.9739982485771179, 0.9709275960922241, 0.9728197455406189, 0.9491857290267944, 0.9785822629928589, 0.9697157144546509, 0.9645267724990845, 0.9729599952697754, 0.9632236361503601, 1.000000238418579]]}, {"round": 8, "client_ids": [0, 1, 2, 3, 4, 5, 6, 7, 8, 9], "matrix": [[1.0, 0.9791721701622009, 0.9820278882980347, 0.9705597162246704, 0.9792070388793945, 0.9728987216949463, 0.9845279455184937, 0.9662147164344788, 0.9712294340133667, 0.9665911197662354], [0.9791721701622009, 0.9999999403953552, 0.9746612906455994, 0.9607851505279541, 0.9840267896652222, 0.969062864780426, 0.9765387773513794, 0.9738006591796875, 0.9751191735267639, 0.9623152017593384], [0.9820278882980347, 0.9746612906455994, 1.0, 0.9723643064498901, 0.9794467091560364, 0.9790089726448059, 0.9798534512519836, 0.9723426699638367, 0.977729082107544, 0.9722167253494263], [0.9705597162246704, 0.9607851505279541, 0.9723643064498901, 1.0000001192092896, 0.9603047370910645, 0.9721260666847229, 0.9722658395767212, 0.9601284265518188, 0.9723986387252808, 0.9529110193252563], [0.9792070388793945, 0.9840267896652222, 0.9794467091560364, 0.9603047370910645, 1.0, 0.9646880626678467, 0.9751378893852234, 0.9765467643737793, 0.9766114950180054, 0.9756616353988647], [0.9728987216949463, 0.969062864780426, 0.9790089726448059, 0.9721260666847229, 0.9646880626678467, 1.0, 0.9748151302337646, 0.969668447971344, 0.9683576822280884, 0.9718438982963562], [0.9845279455184937, 0.9765387773513794, 0.9798534512519836, 0.9722658395767212, 0.9751378893852234, 0.9748151302337646, 1.0, 0.9647056460380554, 0.9796352982521057, 0.9654433131217957], [0.9662147164344788, 0.9738006591796875, 0.9723426699638367, 0.9601284265518188, 0.9765467643737793, 0.969668447971344, 0.9647056460380554, 1.0, 0.9729839563369751, 0.9786831140518188], [0.9712294340133667, 0.9751191735267639, 0.977729082107544, 0.9723986387252808, 0.9766114950180054, 0.9683576822280884, 0.9796352982521057, 0.9729839563369751, 1.0, 0.9628989696502686], [0.9665911197662354, 0.9623152017593384, 0.9722167253494263, 0.9529110193252563, 0.9756616353988647, 0.9718438982963562, 0.9654433131217957, 0.9786831140518188, 0.9628989696502686, 1.0]]}, {"round": 9, "client_ids": [0, 1, 2, 3, 4, 5, 6, 7, 8, 9], "matrix": [[1.0, 0.9781516790390015, 0.9858191013336182, 0.9791940450668335, 0.9790894985198975, 0.9812510013580322, 0.9878644943237305, 0.9703415632247925, 0.9804349541664124, 0.9686908721923828], [0.9781516790390015, 1.0, 0.9755024909973145, 0.9672945737838745, 0.9806578159332275, 0.9632766246795654, 0.9741272926330566, 0.9768340587615967, 0.9759244918823242, 0.9610388278961182], [0.9858191013336182, 0.9755024909973145, 1.0, 0.9721291661262512, 0.9828265309333801, 0.978404700756073, 0.9796422123908997, 0.972545862197876, 0.9778610467910767, 0.9754027128219604], [0.9791940450668335, 0.9672945737838745, 0.9721291661262512, 1.0, 0.9713315963745117, 0.9759256839752197, 0.9760180711746216, 0.9640573263168335, 0.9728174209594727, 0.954758882522583], [0.9790894985198975, 0.9806578159332275, 0.9828265309333801, 0.9713315963745117, 0.9999999403953552, 0.9654984474182129, 0.9766371250152588, 0.9810124635696411, 0.9804879426956177, 0.9781163930892944], [0.9812510013580322, 0.9632766246795654, 0.978404700756073, 0.9759256839752197, 0.9654984474182129, 1.0, 0.9785345792770386, 0.9620379209518433, 0.9697805643081665, 0.9721448421478271], [0.9878644943237305, 0.9741272926330566, 0.9796422123908997, 0.9760180711746216, 0.9766371250152588, 0.9785345792770386, 1.0, 0.9662708044052124, 0.9850818514823914, 0.9657384753227234], [0.9703415632247925, 0.9768340587615967, 0.972545862197876, 0.9640573263168335, 0.9810124635696411, 0.9620379209518433, 0.9662708044052124, 1.0, 0.9748225212097168, 0.9756959080696106], [0.9804349541664124, 0.9759244918823242, 0.9778610467910767, 0.9728174209594727, 0.9804879426956177, 0.9697805643081665, 0.9850818514823914, 0.9748225212097168, 0.9999999403953552, 0.964100182056427], [0.9686908721923828, 0.9610388278961182, 0.9754027128219604, 0.954758882522583, 0.9781163930892944, 0.9721448421478271, 0.9657384753227234, 0.9756959080696106, 0.964100182056427, 1.000000238418579]]}, {"round": 10, "client_ids": [0, 1, 2, 3, 4, 5, 6, 7, 8, 9], "matrix": [[1.0, 0.9795585870742798, 0.9858363270759583, 0.9802113771438599, 0.9803247451782227, 0.9846472144126892, 0.9899154901504517, 0.9674236178398132, 0.9802404046058655, 0.9703421592712402], [0.9795585870742798, 0.9999999403953552, 0.9801543951034546, 0.966380774974823, 0.9806845188140869, 0.9637606143951416, 0.9749490022659302, 0.9748464822769165, 0.9783546328544617, 0.961754560470581], [0.9858363270759583, 0.9801543951034546, 1.0, 0.9731729626655579, 0.9855625033378601, 0.9806040525436401, 0.9811710119247437, 0.975227952003479, 0.9780024290084839, 0.9770037531852722], [0.9802113771438599, 0.966380774974823, 0.9731729626655579, 1.0, 0.972054123878479, 0.9743510484695435, 0.9784532785415649, 0.9584218263626099, 0.9727482795715332, 0.9500227570533752], [0.9803247451782227, 0.9806845188140869, 0.9855625033378601, 0.972054123878479, 1.0, 0.9683496356010437, 0.9798715710639954, 0.9802731275558472, 0.9821898937225342, 0.9731688499450684], [0.9846472144126892, 0.9637606143951416, 0.9806040525436401, 0.9743510484695435, 0.9683496356010437, 1.0, 0.9822745323181152, 0.9606248140335083, 0.9705599546432495, 0.9760823249816895], [0.9899154901504517, 0.9749490022659302, 0.9811710119247437, 0.9784532785415649, 0.9798715710639954, 0.9822745323181152, 0.9999999403953552, 0.9653897285461426, 0.9846036434173584, 0.9661750793457031], [0.9674236178398132, 0.9748464822769165, 0.975227952003479, 0.9584218263626099, 0.9802731275558472, 0.9606248140335083, 0.9653897285461426, 0.9999998807907104, 0.9738633036613464, 0.9765090942382812], [0.9802404046058655, 0.9783546328544617, 0.9780024290084839, 0.9727482795715332, 0.9821898937225342, 0.9705599546432495, 0.9846036434173584, 0.9738633036613464, 1.0000001192092896, 0.9626532793045044], [0.9703421592712402, 0.961754560470581, 0.9770037531852722, 0.9500227570533752, 0.9731688499450684, 0.9760823249816895, 0.9661750793457031, 0.9765090942382812, 0.9626532793045044, 0.9999999403953552]]}, {"round": 11, "client_ids": [0, 1, 2, 3, 4, 5, 6, 7, 8, 9], "matrix": [[1.0, 0.9813504219055176, 0.9878989458084106, 0.9853609800338745, 0.9838240146636963, 0.9865767955780029, 0.9906121492385864, 0.9739058017730713, 0.9863922595977783, 0.972396731376648], [0.9813504219055176, 1.0000001192092896, 0.9832824468612671, 0.9744731187820435, 0.9837051033973694, 0.9674855470657349, 0.9751117825508118, 0.9794458150863647, 0.9797376394271851, 0.9629347324371338], [0.9878989458084106, 0.9832824468612671, 1.0000001192092896, 0.9782105684280396, 0.9886032342910767, 0.9808497428894043, 0.9806922674179077, 0.9797335267066956, 0.9838059544563293, 0.9766391515731812], [0.9853609800338745, 0.9744731187820435, 0.9782105684280396, 0.9999999403953552, 0.9751510620117188, 0.9734673500061035, 0.9873045086860657, 0.9622281789779663, 0.9786765575408936, 0.9493411779403687], [0.9838240146636963, 0.9837051033973694, 0.9886032342910767, 0.9751510620117188, 1.0, 0.9691967964172363, 0.9801515340805054, 0.9854452013969421, 0.9852041006088257, 0.9743534326553345], [0.9865767955780029, 0.9674855470657349, 0.9808497428894043, 0.9734673500061035, 0.9691967964172363, 1.0, 0.9784755706787109, 0.963374674320221, 0.9775378704071045, 0.9777336120605469], [0.9906121492385864, 0.9751117825508118, 0.9806922674179077, 0.9873045086860657, 0.9801515340805054, 0.9784755706787109, 1.0, 0.9652059674263, 0.987464964389801, 0.9606783390045166], [0.9739058017730713, 0.9794458150863647, 0.9797335267066956, 0.9622281789779663, 0.9854452013969421, 0.963374674320221, 0.9652059674263, 1.0, 0.9776860475540161, 0.9777730703353882], [0.9863922595977783, 0.9797376394271851, 0.9838059544563293, 0.9786765575408936, 0.9852041006088257, 0.9775378704071045, 0.987464964389801, 0.9776860475540161, 0.9999999403953552, 0.9688541889190674], [0.972396731376648, 0.9629347324371338, 0.9766391515731812, 0.9493411779403687, 0.9743534326553345, 0.9777336120605469, 0.9606783390045166, 0.9777730703353882, 0.9688541889190674, 0.9999998807907104]]}, {"round": 12, "client_ids": [0, 1, 2, 3, 4, 5, 6, 7, 8, 9], "matrix": [[1.0, 0.9896422624588013, 0.9881717562675476, 0.9862639904022217, 0.9858972430229187, 0.9867758750915527, 0.9885433316230774, 0.976396918296814, 0.9871951341629028, 0.9706569910049438], [0.9896422624588013, 1.0, 0.9882473945617676, 0.9830695390701294, 0.9871181845664978, 0.9788454174995422, 0.9831905364990234, 0.9830150604248047, 0.9894351363182068, 0.9667527675628662], [0.9881717562675476, 0.9882473945617676, 1.0, 0.9764429330825806, 0.9904060363769531, 0.9825127124786377, 0.9794473648071289, 0.9828594923019409, 0.9835618734359741, 0.9778165817260742], [0.9862639904022217, 0.9830695390701294, 0.9764429330825806, 1.0, 0.9785608053207397, 0.9756914973258972, 0.9861520528793335, 0.9660075902938843, 0.982597827911377, 0.9517307877540588], [0.9858972430229187, 0.9871181845664978, 0.9904060363769531, 0.9785608053207397, 0.9999998807907104, 0.9756971597671509, 0.9823396801948547, 0.9865846633911133, 0.9864499568939209, 0.9748793244361877], [0.9867758750915527, 0.9788454174995422, 0.9825127124786377, 0.9756914973258972, 0.9756971597671509, 1.0, 0.9793938398361206, 0.9725385308265686, 0.9803507328033447, 0.979081392288208], [0.9885433316230774, 0.9831905364990234, 0.9794473648071289, 0.9861520528793335, 0.9823396801948547, 0.9793938398361206, 0.9999998807907104, 0.9690968990325928, 0.986548900604248, 0.9601498246192932], [0.976396918296814, 0.9830150604248047, 0.9828594923019409, 0.9660075902938843, 0.9865846633911133, 0.9725385308265686, 0.9690968990325928, 0.9999998807907104, 0.980575442314148, 0.9781805276870728], [0.9871951341629028, 0.9894351363182068, 0.9835618734359741, 0.982597827911377, 0.9864499568939209, 0.9803507328033447, 0.986548900604248, 0.980575442314148, 0.9999998211860657, 0.9670379757881165], [0.9706569910049438, 0.9667527675628662, 0.9778165817260742, 0.9517307877540588, 0.9748793244361877, 0.979081392288208, 0.9601498246192932, 0.9781805276870728, 0.9670379757881165, 0.9999998807907104]]}, {"round": 13, "client_ids": [0, 1, 2, 3, 4, 5, 6, 7, 8, 9], "matrix": [[1.0, 0.9907175302505493, 0.9918569326400757, 0.9877887964248657, 0.9877418279647827, 0.9847110509872437, 0.9879531860351562, 0.9770439863204956, 0.9868627786636353, 0.9669440984725952], [0.9907175302505493, 1.0000001192092896, 0.9887955188751221, 0.9855074882507324, 0.9882118701934814, 0.9786322116851807, 0.9832285046577454, 0.9801744222640991, 0.9905465245246887, 0.9639915227890015], [0.9918569326400757, 0.9887955188751221, 0.9999998211860657, 0.980187177658081, 0.991975724697113, 0.984247624874115, 0.9838725328445435, 0.9834960699081421, 0.9864736199378967, 0.9764130711555481], [0.9877887964248657, 0.9855074882507324, 0.980187177658081, 0.9999998807907104, 0.980026364326477, 0.9778844118118286, 0.9886493682861328, 0.9684154987335205, 0.9866158962249756, 0.9522004127502441], [0.9877418279647827, 0.9882118701934814, 0.991975724697113, 0.980026364326477, 1.0, 0.9763137102127075, 0.9831058382987976, 0.9869371652603149, 0.986324667930603, 0.9756650924682617], [0.9847110509872437, 0.9786322116851807, 0.984247624874115, 0.9778844118118286, 0.9763137102127075, 0.9999998211860657, 0.983269214630127, 0.9731260538101196, 0.9805612564086914, 0.9789423942565918], [0.9879531860351562, 0.9832285046577454, 0.9838725328445435, 0.9886493682861328, 0.9831058382987976, 0.983269214630127, 1.0, 0.9765280485153198, 0.9894489049911499, 0.965539813041687], [0.9770439863204956, 0.9801744222640991, 0.9834960699081421, 0.9684154987335205, 0.9869371652603149, 0.9731260538101196, 0.9765280485153198, 1.0, 0.9786046147346497, 0.9793908596038818], [0.9868627786636353, 0.9905465245246887, 0.9864736199378967, 0.9866158962249756, 0.986324667930603, 0.9805612564086914, 0.9894489049911499, 0.9786046147346497, 1.0000001192092896, 0.9635829925537109], [0.9669440984725952, 0.9639915227890015, 0.9764130711555481, 0.9522004127502441, 0.9756650924682617, 0.9789423942565918, 0.965539813041687, 0.9793908596038818, 0.9635829925537109, 0.9999998807907104]]}, {"round": 14, "client_ids": [0, 1, 2, 3, 4, 5, 6, 7, 8, 9], "matrix": [[1.000000238418579, 0.9903559684753418, 0.9898046255111694, 0.9864252805709839, 0.9857531785964966, 0.9835103750228882, 0.9878020286560059, 0.9757004380226135, 0.9878071546554565, 0.963342010974884], [0.9903559684753418, 1.0000001192092896, 0.9886494874954224, 0.9850947856903076, 0.9876543283462524, 0.9790134429931641, 0.985816240310669, 0.9811021089553833, 0.9921902418136597, 0.9623050093650818], [0.9898046255111694, 0.9886494874954224, 0.9999998807907104, 0.9788301587104797, 0.9916777610778809, 0.9828915596008301, 0.9830433130264282, 0.9802943468093872, 0.9875068664550781, 0.9705108404159546], [0.9864252805709839, 0.9850947856903076, 0.9788301587104797, 1.0, 0.9773020148277283, 0.9759601354598999, 0.9865174293518066, 0.9672362804412842, 0.9872618913650513, 0.9490244388580322], [0.9857531785964966, 0.9876543283462524, 0.9916777610778809, 0.9773020148277283, 0.9999998807907104, 0.9785748720169067, 0.9836772680282593, 0.987270712852478, 0.9885393977165222, 0.9732183218002319], [0.9835103750228882, 0.9790134429931641, 0.9828915596008301, 0.9759601354598999, 0.9785748720169067, 1.0000001192092896, 0.9839154481887817, 0.9776058197021484, 0.9794871807098389, 0.9834088087081909], [0.9878020286560059, 0.985816240310669, 0.9830433130264282, 0.9865174293518066, 0.9836772680282593, 0.9839154481887817, 1.0000001192092896, 0.9799588918685913, 0.9912979006767273, 0.9676089882850647], [0.9757004380226135, 0.9811021089553833, 0.9802943468093872, 0.9672362804412842, 0.987270712852478, 0.9776058197021484, 0.9799588918685913, 1.0000001192092896, 0.9808344841003418, 0.980065643787384], [0.9878071546554565, 0.9921902418136597, 0.9875068664550781, 0.9872618913650513, 0.9885393977165222, 0.9794871807098389, 0.9912979006767273, 0.9808344841003418, 0.9999997615814209, 0.9638320207595825], [0.963342010974884, 0.9623050093650818, 0.9705108404159546, 0.9490244388580322, 0.9732183218002319, 0.9834088087081909, 0.9676089882850647, 0.980065643787384, 0.9638320207595825, 0.9999999403953552]]}, {"round": 15, "client_ids": [0, 1, 2, 3, 4, 5, 6, 7, 8, 9], "matrix": [[0.9999999403953552, 0.9916130304336548, 0.9904335141181946, 0.9850583076477051, 0.9874100685119629, 0.983273446559906, 0.9899839162826538, 0.9788137078285217, 0.9894254207611084, 0.9656139612197876], [0.9916130304336548, 0.9999998807907104, 0.9905790686607361, 0.9852396845817566, 0.9896692037582397, 0.9795816540718079, 0.9885537624359131, 0.9811834692955017, 0.9933489561080933, 0.9668152332305908], [0.9904335141181946, 0.9905790686607361, 1.0, 0.9780315160751343, 0.9920240640640259, 0.9829856157302856, 0.9863216876983643, 0.9851038455963135, 0.9898055791854858, 0.9741438627243042], [0.9850583076477051, 0.9852396845817566, 0.9780315160751343, 0.9999999403953552, 0.9745839834213257, 0.9759801626205444, 0.984840452671051, 0.9657539129257202, 0.987226128578186, 0.9464521408081055], [0.9874100685119629, 0.9896692037582397, 0.9920240640640259, 0.9745839834213257, 1.0, 0.9805368185043335, 0.986573338508606, 0.990297794342041, 0.9896155595779419, 0.9775300025939941], [0.983273446559906, 0.9795816540718079, 0.9829856157302856, 0.9759801626205444, 0.9805368185043335, 1.0, 0.9856071472167969, 0.9772430658340454, 0.9795340299606323, 0.9809983372688293], [0.9899839162826538, 0.9885537624359131, 0.9863216876983643, 0.984840452671051, 0.986573338508606, 0.9856071472167969, 1.0, 0.9833598136901855, 0.9916976690292358, 0.9706529378890991], [0.9788137078285217, 0.9811834692955017, 0.9851038455963135, 0.9657539129257202, 0.990297794342041, 0.9772430658340454, 0.9833598136901855, 1.0, 0.9818212985992432, 0.9823901653289795], [0.9894254207611084, 0.9933489561080933, 0.9898055791854858, 0.987226128578186, 0.9896155595779419, 0.9795340299606323, 0.9916976690292358, 0.9818212985992432, 1.0, 0.9645031094551086], [0.9656139612197876, 0.9668152332305908, 0.9741438627243042, 0.9464521408081055, 0.9775300025939941, 0.9809983372688293, 0.9706529378890991, 0.9823901653289795, 0.9645031094551086, 1.0000001192092896]]}, {"round": 16, "client_ids": [0, 1, 2, 3, 4, 5, 6, 7, 8, 9], "matrix": [[1.0, 0.990386962890625, 0.9897175431251526, 0.9847145676612854, 0.9860726594924927, 0.9838707447052002, 0.9886305332183838, 0.9778750538825989, 0.988244354724884, 0.9644010663032532], [0.990386962890625, 1.0, 0.9887843132019043, 0.9850413203239441, 0.9876758456230164, 0.9819134473800659, 0.9873311519622803, 0.9824627637863159, 0.9916368126869202, 0.969391942024231], [0.9897175431251526, 0.9887843132019043, 1.0, 0.9772818088531494, 0.9921568036079407, 0.98478102684021, 0.9859912991523743, 0.9847755432128906, 0.9902961254119873, 0.9735000133514404], [0.9847145676612854, 0.9850413203239441, 0.9772818088531494, 1.0, 0.9699794054031372, 0.9747081995010376, 0.9812249541282654, 0.9606013298034668, 0.9861502647399902, 0.9458479881286621], [0.9860726594924927, 0.9876758456230164, 0.9921568036079407, 0.9699794054031372, 1.0, 0.98237144947052, 0.9871065616607666, 0.9898099303245544, 0.9892467260360718, 0.9792420268058777], [0.9838707447052002, 0.9819134473800659, 0.98478102684021, 0.9747081995010376, 0.98237144947052, 1.0, 0.9844666719436646, 0.9787329435348511, 0.9839656949043274, 0.9813296794891357], [0.9886305332183838, 0.9873311519622803, 0.9859912991523743, 0.9812249541282654, 0.9871065616607666, 0.9844666719436646, 0.9999998807907104, 0.9826217889785767, 0.991826057434082, 0.9719583988189697], [0.9778750538825989, 0.9824627637863159, 0.9847755432128906, 0.9606013298034668, 0.9898099303245544, 0.9787329435348511, 0.9826217889785767, 1.0, 0.9815986156463623, 0.9849118590354919], [0.988244354724884, 0.9916368126869202, 0.9902961254119873, 0.9861502647399902, 0.9892467260360718, 0.9839656949043274, 0.991826057434082, 0.9815986156463623, 1.0000001192092896, 0.9692674279212952], [0.9644010663032532, 0.969391942024231, 0.9735000133514404, 0.9458479881286621, 0.9792420268058777, 0.9813296794891357, 0.9719583988189697, 0.9849118590354919, 0.9692674279212952, 0.9999998211860657]]}, {"round": 17, "client_ids": [0, 1, 2, 3, 4, 5, 6, 7, 8, 9], "matrix": [[1.0, 0.9919954538345337, 0.9906220436096191, 0.9843953847885132, 0.9849528074264526, 0.9815917611122131, 0.9891350865364075, 0.9777879118919373, 0.9895071983337402, 0.9640395641326904], [0.9919954538345337, 1.0, 0.9900833368301392, 0.9851058721542358, 0.98763108253479, 0.9796316623687744, 0.9874488115310669, 0.98101806640625, 0.9922287464141846, 0.9673618078231812], [0.9906220436096191, 0.9900833368301392, 1.0, 0.9792279005050659, 0.9923696517944336, 0.9831887483596802, 0.9891891479492188, 0.9853339195251465, 0.9931828379631042, 0.9735569953918457], [0.9843953847885132, 0.9851058721542358, 0.9792279005050659, 0.9999998807907104, 0.9681985378265381, 0.9744074940681458, 0.9818669557571411, 0.9602982997894287, 0.9852336645126343, 0.9458039999008179], [0.9849528074264526, 0.98763108253479, 0.9923696517944336, 0.9681985378265381, 1.0, 0.9787843227386475, 0.9877283573150635, 0.9904245138168335, 0.9899996519088745, 0.9792667627334595], [0.9815917611122131, 0.9796316623687744, 0.9831887483596802, 0.9744074940681458, 0.9787843227386475, 1.0, 0.9818994998931885, 0.9786702394485474, 0.9830780029296875, 0.9812607169151306], [0.9891350865364075, 0.9874488115310669, 0.9891891479492188, 0.9818669557571411, 0.9877283573150635, 0.9818994998931885, 0.9999999403953552, 0.9847561120986938, 0.993707537651062, 0.9717680215835571], [0.9777879118919373, 0.98101806640625, 0.9853339195251465, 0.9602982997894287, 0.9904245138168335, 0.9786702394485474, 0.9847561120986938, 1.0, 0.9838907718658447, 0.9870718717575073], [0.9895071983337402, 0.9922287464141846, 0.9931828379631042, 0.9852336645126343, 0.9899996519088745, 0.9830780029296875, 0.993707537651062, 0.9838907718658447, 1.0, 0.9717411994934082], [0.9640395641326904, 0.9673618078231812, 0.9735569953918457, 0.9458039999008179, 0.9792667627334595, 0.9812607169151306, 0.9717680215835571, 0.9870718717575073, 0.9717411994934082, 1.0]]}, {"round": 18, "client_ids": [0, 1, 2, 3, 4, 5, 6, 7, 8, 9], "matrix": [[1.0000001192092896, 0.9940062165260315, 0.9893782138824463, 0.9866459369659424, 0.9863795042037964, 0.9818317890167236, 0.9905659556388855, 0.9800069332122803, 0.9906811118125916, 0.9653364419937134], [0.9940062165260315, 1.0, 0.9894393682479858, 0.9859424233436584, 0.9890490770339966, 0.9817266464233398, 0.9893324375152588, 0.9834998250007629, 0.9920494556427002, 0.9697738885879517], [0.9893782138824463, 0.9894393682479858, 1.0, 0.9805976152420044, 0.9917397499084473, 0.9865439534187317, 0.9900151491165161, 0.9856693744659424, 0.9940568208694458, 0.9766758680343628], [0.9866459369659424, 0.9859424233436584, 0.9805976152420044, 1.0000001192092896, 0.9701831340789795, 0.977495551109314, 0.9837024211883545, 0.9648764133453369, 0.9868128299713135, 0.9500510692596436], [0.9863795042037964, 0.9890490770339966, 0.9917397499084473, 0.9701831340789795, 1.0, 0.9810260534286499, 0.9894518852233887, 0.99168461561203, 0.9910203218460083, 0.9829747676849365], [0.9818317890167236, 0.9817266464233398, 0.9865439534187317, 0.977495551109314, 0.9810260534286499, 0.9999998807907104, 0.9836000204086304, 0.9838334321975708, 0.9850093126296997, 0.9811005592346191], [0.9905659556388855, 0.9893324375152588, 0.9900151491165161, 0.9837024211883545, 0.9894518852233887, 0.9836000204086304, 1.0, 0.9861161708831787, 0.9943227171897888, 0.9753105640411377], [0.9800069332122803, 0.9834998250007629, 0.9856693744659424, 0.9648764133453369, 0.99168461561203, 0.9838334321975708, 0.9861161708831787, 1.0, 0.9856405258178711, 0.9902946949005127], [0.9906811118125916, 0.9920494556427002, 0.9940568208694458, 0.9868128299713135, 0.9910203218460083, 0.9850093126296997, 0.9943227171897888, 0.9856405258178711, 1.0, 0.9748676419258118], [0.9653364419937134, 0.9697738885879517, 0.9766758680343628, 0.9500510692596436, 0.9829747676849365, 0.9811005592346191, 0.9753105640411377, 0.9902946949005127, 0.9748676419258118, 1.0]]}, {"round": 19, "client_ids": [0, 1, 2, 3, 4, 5, 6, 7, 8, 9], "matrix": [[0.9999998807907104, 0.9937806129455566, 0.9891283512115479, 0.9858524799346924, 0.9861101508140564, 0.9815652966499329, 0.9914265275001526, 0.9786063432693481, 0.9914296865463257, 0.9647033214569092], [0.9937806129455566, 1.0, 0.9902353286743164, 0.9860731959342957, 0.9886761903762817, 0.982376217842102, 0.9906349182128906, 0.9815191030502319, 0.9925800561904907, 0.9703957438468933], [0.9891283512115479, 0.9902353286743164, 1.0, 0.9801326990127563, 0.9932535886764526, 0.990052342414856, 0.9908539056777954, 0.9872100353240967, 0.9934878945350647, 0.9808304309844971], [0.9858524799346924, 0.9860731959342957, 0.9801326990127563, 1.0000001192092896, 0.9699814319610596, 0.9763984680175781, 0.9820970296859741, 0.9623450040817261, 0.9866538643836975, 0.9489787220954895], [0.9861101508140564, 0.9886761903762817, 0.9932535886764526, 0.9699814319610596, 1.0, 0.9834716320037842, 0.9899740219116211, 0.9922225475311279, 0.9904831647872925, 0.9839121103286743], [0.9815652966499329, 0.982376217842102, 0.990052342414856, 0.9763984680175781, 0.9834716320037842, 1.0, 0.9861822128295898, 0.9841599464416504, 0.9856542944908142, 0.9836486577987671], [0.9914265275001526, 0.9906349182128906, 0.9908539056777954, 0.9820970296859741, 0.9899740219116211, 0.9861822128295898, 1.0, 0.9894535541534424, 0.9953348636627197, 0.9783105254173279], [0.9786063432693481, 0.9815191030502319, 0.9872100353240967, 0.9623450040817261, 0.9922225475311279, 0.9841599464416504, 0.9894535541534424, 0.9999998807907104, 0.9873676300048828, 0.9902894496917725], [0.9914296865463257, 0.9925800561904907, 0.9934878945350647, 0.9866538643836975, 0.9904831647872925, 0.9856542944908142, 0.9953348636627197, 0.9873676300048828, 1.0000001192092896, 0.9752233624458313], [0.9647033214569092, 0.9703957438468933, 0.9808304309844971, 0.9489787220954895, 0.9839121103286743, 0.9836486577987671, 0.9783105254173279, 0.9902894496917725, 0.9752233624458313, 1.0000001192092896]]}, {"round": 20, "client_ids": [0, 1, 2, 3, 4, 5, 6, 7, 8, 9], "matrix": [[1.0, 0.9928394556045532, 0.9882131218910217, 0.9847943782806396, 0.9852707982063293, 0.9830360412597656, 0.9904500246047974, 0.9811270833015442, 0.9909195899963379, 0.9685877561569214], [0.9928394556045532, 1.0, 0.9893157482147217, 0.9877437949180603, 0.985572874546051, 0.9827960729598999, 0.9920510053634644, 0.9814567565917969, 0.9928092956542969, 0.9691269397735596], [0.9882131218910217, 0.9893157482147217, 1.0, 0.9807392358779907, 0.9909567832946777, 0.9910397529602051, 0.9910097122192383, 0.9877376556396484, 0.9919891357421875, 0.9813032150268555], [0.9847943782806396, 0.9877437949180603, 0.9807392358779907, 1.0000001192092896, 0.9713186621665955, 0.9786317944526672, 0.9820054173469543, 0.9649578332901001, 0.9877344369888306, 0.9534993171691895], [0.9852707982063293, 0.985572874546051, 0.9909567832946777, 0.9713186621665955, 0.9999998807907104, 0.9824515581130981, 0.9897952079772949, 0.9905676245689392, 0.9892406463623047, 0.9828636646270752], [0.9830360412597656, 0.9827960729598999, 0.9910397529602051, 0.9786317944526672, 0.9824515581130981, 1.0, 0.9848829507827759, 0.9833008050918579, 0.9862879514694214, 0.9839810132980347], [0.9904500246047974, 0.9920510053634644, 0.9910097122192383, 0.9820054173469543, 0.9897952079772949, 0.9848829507827759, 1.0000001192092896, 0.9893238544464111, 0.9942911863327026, 0.9788534641265869], [0.9811270833015442, 0.9814567565917969, 0.9877376556396484, 0.9649578332901001, 0.9905676245689392, 0.9833008050918579, 0.9893238544464111, 1.0, 0.9862656593322754, 0.9903398752212524], [0.9909195899963379, 0.9928092956542969, 0.9919891357421875, 0.9877344369888306, 0.9892406463623047, 0.9862879514694214, 0.9942911863327026, 0.9862656593322754, 0.9999998807907104, 0.9771246314048767], [0.9685877561569214, 0.