{"dataset": ["BZR"], "num_clients": 10, "total_rounds_recorded": 100, "history": [{"round": 1, "client_ids": [0, 1, 2, 3, 4, 5, 6, 7, 8, 9], "matrix": [[1.0, 0.5767953991889954, 0.45952510833740234, 0.33002516627311707, 0.4651995301246643, 0.29047757387161255, 0.4781869649887085, 0.3261162042617798, 0.31181785464286804, 0.3916950225830078], [0.5767953991889954, 1.0, 0.5933053493499756, 0.40360227227211, 0.6333094239234924, 0.4277598261833191, 0.555717408657074, 0.4095650017261505, 0.5083062052726746, 0.48652568459510803], [0.45952510833740234, 0.5933053493499756, 0.9999998211860657, 0.4367658495903015, 0.4340749979019165, 0.4462381601333618, 0.3483838140964508, 0.3554670214653015, 0.4685557186603546, 0.4519668221473694], [0.33002516627311707, 0.40360227227211, 0.4367658495903015, 1.0000001192092896, 0.32399237155914307, 0.4046582877635956, 0.4407101273536682, 0.4899923503398895, 0.43329909443855286, 0.32138654589653015], [0.4651995301246643, 0.6333094239234924, 0.4340749979019165, 0.32399237155914307, 1.0000001192092896, 0.3602859079837799, 0.5812435746192932, 0.42247122526168823, 0.4313966929912567, 0.56361985206604], [0.29047757387161255, 0.4277598261833191, 0.4462381601333618, 0.4046582877635956, 0.3602859079837799, 0.9999999403953552, 0.25843456387519836, 0.3064185678958893, 0.4016859829425812, 0.35698723793029785], [0.4781869649887085, 0.555717408657074, 0.3483838140964508, 0.4407101273536682, 0.5812435746192932, 0.25843456387519836, 1.0, 0.4376620352268219, 0.38860389590263367, 0.4009682238101959], [0.3261162042617798, 0.4095650017261505, 0.3554670214653015, 0.4899923503398895, 0.42247122526168823, 0.3064185678958893, 0.4376620352268219, 0.9999997615814209, 0.2874212861061096, 0.1904449164867401], [0.31181785464286804, 0.5083062052726746, 0.4685557186603546, 0.43329909443855286, 0.4313966929912567, 0.4016859829425812, 0.38860389590263367, 0.2874212861061096, 1.0000001192092896, 0.5232034921646118], [0.3916950225830078, 0.48652568459510803, 0.4519668221473694, 0.32138654589653015, 0.56361985206604, 0.35698723793029785, 0.4009682238101959, 0.1904449164867401, 0.5232034921646118, 0.9999998211860657]]}, {"round": 2, "client_ids": [0, 1, 2, 3, 4, 5, 6, 7, 8, 9], "matrix": [[0.9999998211860657, 0.9963294863700867, 0.9926958680152893, 0.9932999014854431, 0.9949199557304382, 0.9960306882858276, 0.9941931962966919, 0.994890034198761, 0.985558271408081, 0.9958425164222717], [0.9963294863700867, 0.9999998211860657, 0.9916065335273743, 0.9943363666534424, 0.9952777028083801, 0.995841920375824, 0.992993175983429, 0.9972122311592102, 0.9845647215843201, 0.9953031539916992], [0.9926958680152893, 0.9916065335273743, 1.0, 0.9859161376953125, 0.9868603348731995, 0.9906994104385376, 0.9878288507461548, 0.9945697784423828, 0.9928919076919556, 0.9968498349189758], [0.9932999014854431, 0.9943363666534424, 0.9859161376953125, 0.9999998807907104, 0.9971226453781128, 0.9943240284919739, 0.9969563484191895, 0.9908533692359924, 0.9705817103385925, 0.9915333390235901], [0.9949199557304382, 0.9952777028083801, 0.9868603348731995, 0.9971226453781128, 0.9999999403953552, 0.9968884587287903, 0.9968372583389282, 0.9926986694335938, 0.9746830463409424, 0.9928880929946899], [0.9960306882858276, 0.995841920375824, 0.9906994104385376, 0.9943240284919739, 0.9968884587287903, 1.0000001192092896, 0.9949538111686707, 0.995345950126648, 0.980121910572052, 0.994520902633667], [0.9941931962966919, 0.992993175983429, 0.9878288507461548, 0.9969563484191895, 0.9968372583389282, 0.9949538111686707, 1.0, 0.9903577566146851, 0.97211092710495, 0.9927920699119568], [0.994890034198761, 0.9972122311592102, 0.9945697784423828, 0.9908533692359924, 0.9926986694335938, 0.995345950126648, 0.9903577566146851, 1.000000238418579, 0.988394021987915, 0.9961773157119751], [0.985558271408081, 0.9845647215843201, 0.9928919076919556, 0.9705817103385925, 0.9746830463409424, 0.980121910572052, 0.97211092710495, 0.988394021987915, 0.9999998807907104, 0.990092396736145], [0.9958425164222717, 0.9953031539916992, 0.9968498349189758, 0.9915333390235901, 0.9928880929946899, 0.994520902633667, 0.9927920699119568, 0.9961773157119751, 0.990092396736145, 0.9999998807907104]]}, {"round": 3, "client_ids": [0, 1, 2, 3, 4, 5, 6, 7, 8, 9], "matrix": [[0.9999999403953552, 0.9956725239753723, 0.9959396719932556, 0.9976086616516113, 0.9963290095329285, 0.9956079125404358, 0.9956063032150269, 0.9962668418884277, 0.9939359426498413, 0.9956443905830383], [0.9956725239753723, 0.9999999403953552, 0.995553195476532, 0.9969919919967651, 0.9957743883132935, 0.9948672652244568, 0.9940029382705688, 0.9963382482528687, 0.9956406354904175, 0.9955745339393616], [0.9959396719932556, 0.995553195476532, 0.9999997615814209, 0.9975126385688782, 0.9960607290267944, 0.9969722628593445, 0.9967630505561829, 0.9973989129066467, 0.9969220161437988, 0.9979518055915833], [0.9976086616516113, 0.9969919919967651, 0.9975126385688782, 1.0, 0.9971224665641785, 0.9951056838035583, 0.9959666728973389, 0.998100996017456, 0.9951786994934082, 0.9970915913581848], [0.9963290095329285, 0.9957743883132935, 0.9960607290267944, 0.9971224665641785, 1.0000001192092896, 0.9973113536834717, 0.9969424605369568, 0.9975579380989075, 0.9953171610832214, 0.9966638088226318], [0.9956079125404358, 0.9948672652244568, 0.9969722628593445, 0.9951056838035583, 0.9973113536834717, 0.9999999403953552, 0.9974033236503601, 0.9964914321899414, 0.9955077171325684, 0.9963645935058594], [0.9956063032150269, 0.9940029382705688, 0.9967630505561829, 0.9959666728973389, 0.9969424605369568, 0.9974033236503601, 0.9999998211860657, 0.9973985552787781, 0.9944541454315186, 0.9967710375785828], [0.9962668418884277, 0.9963382482528687, 0.9973989129066467, 0.998100996017456, 0.9975579380989075, 0.9964914321899414, 0.9973985552787781, 0.9999999403953552, 0.9949645400047302, 0.997631847858429], [0.9939359426498413, 0.9956406354904175, 0.9969220161437988, 0.9951786994934082, 0.9953171610832214, 0.9955077171325684, 0.9944541454315186, 0.9949645400047302, 0.9999998807907104, 0.9978275895118713], [0.9956443905830383, 0.9955745339393616, 0.9979518055915833, 0.9970915913581848, 0.9966638088226318, 0.9963645935058594, 0.9967710375785828, 0.997631847858429, 0.9978275895118713, 0.9999998211860657]]}, {"round": 4, "client_ids": [0, 1, 2, 3, 4, 5, 6, 7, 8, 9], "matrix": [[1.0000001192092896, 0.9928786158561707, 0.99551922082901, 0.9947159290313721, 0.9935768246650696, 0.9926062822341919, 0.993439257144928, 0.9908940196037292, 0.9936466813087463, 0.9941020011901855], [0.9928786158561707, 0.9999997019767761, 0.9943704009056091, 0.9946300983428955, 0.9935839772224426, 0.9920564293861389, 0.991043210029602, 0.9911590814590454, 0.9948556423187256, 0.9937402009963989], [0.99551922082901, 0.9943704009056091, 0.9999999403953552, 0.9964709877967834, 0.994377851486206, 0.996212899684906, 0.9969414472579956, 0.9937258362770081, 0.9958465099334717, 0.995642900466919], [0.9947159290313721, 0.9946300983428955, 0.9964709877967834, 0.9999998807907104, 0.993715763092041, 0.990805447101593, 0.9933503270149231, 0.9937781095504761, 0.9932499527931213, 0.9929453730583191], [0.9935768246650696, 0.9935839772224426, 0.994377851486206, 0.993715763092041, 1.0000001192092896, 0.9939422011375427, 0.9950548410415649, 0.9949394464492798, 0.9945118427276611, 0.9935361742973328], [0.9926062822341919, 0.9920564293861389, 0.996212899684906, 0.990805447101593, 0.9939422011375427, 0.9999998807907104, 0.995090126991272, 0.993024468421936, 0.9948063492774963, 0.9954741597175598], [0.993439257144928, 0.991043210029602, 0.9969414472579956, 0.9933503270149231, 0.9950548410415649, 0.995090126991272, 1.0000001192092896, 0.9938175082206726, 0.9944718480110168, 0.9944983124732971], [0.9908940196037292, 0.9911590814590454, 0.9937258362770081, 0.9937781095504761, 0.9949394464492798, 0.993024468421936, 0.9938175082206726, 1.0000001192092896, 0.9927243590354919, 0.9925677180290222], [0.9936466813087463, 0.9948556423187256, 0.9958465099334717, 0.9932499527931213, 0.9945118427276611, 0.9948063492774963, 0.9944718480110168, 0.9927243590354919, 0.9999998807907104, 0.9959846138954163], [0.9941020011901855, 0.9937402009963989, 0.995642900466919, 0.9929453730583191, 0.9935361742973328, 0.9954741597175598, 0.9944983124732971, 0.9925677180290222, 0.9959846138954163, 0.9999999403953552]]}, {"round": 5, "client_ids": [0, 1, 2, 3, 4, 5, 6, 7, 8, 9], "matrix": [[1.0000001192092896, 0.985200822353363, 0.9904001355171204, 0.9893027544021606, 0.983289361000061, 0.9881947040557861, 0.9871995449066162, 0.9773908257484436, 0.9901260137557983, 0.9895665049552917], [0.985200822353363, 0.9999997019767761, 0.9828202724456787, 0.9877076148986816, 0.9841846227645874, 0.9832429885864258, 0.9778293371200562, 0.9760447144508362, 0.9848812818527222, 0.9841848015785217], [0.9904001355171204, 0.9828202724456787, 0.9999999403953552, 0.9921849966049194, 0.9873843789100647, 0.9897233247756958, 0.9931402802467346, 0.9838970303535461, 0.9913592338562012, 0.9906635284423828], [0.9893027544021606, 0.9877076148986816, 0.9921849966049194, 0.9999999403953552, 0.9896313548088074, 0.9824221134185791, 0.9864824414253235, 0.9874750375747681, 0.9919943809509277, 0.9894028306007385], [0.983289361000061, 0.9841846227645874, 0.9873843789100647, 0.9896313548088074, 0.9999997615814209, 0.9830282330513, 0.9862886071205139, 0.9870450496673584, 0.9895755052566528, 0.9863400459289551], [0.9881947040557861, 0.9832429885864258, 0.9897233247756958, 0.9824221134185791, 0.9830282330513, 1.0000001192092896, 0.9913169145584106, 0.9787827134132385, 0.9908262491226196, 0.9904770851135254], [0.9871995449066162, 0.9778293371200562, 0.9931402802467346, 0.9864824414253235, 0.9862886071205139, 0.9913169145584106, 0.9999998211860657, 0.9834387302398682, 0.9921221137046814, 0.9919110536575317], [0.9773908257484436, 0.9760447144508362, 0.9838970303535461, 0.9874750375747681, 0.9870450496673584, 0.9787827134132385, 0.9834387302398682, 1.0000001192092896, 0.9841997623443604, 0.9835318922996521], [0.9901260137557983, 0.9848812818527222, 0.9913592338562012, 0.9919943809509277, 0.9895755052566528, 0.9908262491226196, 0.9921221137046814, 0.9841997623443604, 0.9999999403953552, 0.9935640096664429], [0.9895665049552917, 0.9841848015785217, 0.9906635284423828, 0.9894028306007385, 0.9863400459289551, 0.9904770851135254, 0.9919110536575317, 0.9835318922996521, 0.9935640096664429, 0.9999999403953552]]}, {"round": 6, "client_ids": [0, 1, 2, 3, 4, 5, 6, 7, 8, 9], "matrix": [[1.000000238418579, 0.9806951880455017, 0.9820494055747986, 0.9857919812202454, 0.9768617153167725, 0.984459400177002, 0.9797573685646057, 0.9797378778457642, 0.985071063041687, 0.9795511364936829], [0.9806951880455017, 0.9999999403953552, 0.9748982787132263, 0.9782704710960388, 0.973305881023407, 0.9762644171714783, 0.97513747215271, 0.9765154719352722, 0.9785259366035461, 0.9782638549804688], [0.9820494055747986, 0.9748982787132263, 0.9999996423721313, 0.9863927364349365, 0.9767885804176331, 0.9789538979530334, 0.986161470413208, 0.980697512626648, 0.9837275743484497, 0.9866528511047363], [0.9857919812202454, 0.9782704710960388, 0.9863927364349365, 0.9999999403953552, 0.9852133393287659, 0.9733448624610901, 0.9857776165008545, 0.9857265949249268, 0.9855522513389587, 0.983445405960083], [0.9768617153167725, 0.973305881023407, 0.9767885804176331, 0.9852133393287659, 0.9999999403953552, 0.969796895980835, 0.974822461605072, 0.9852961897850037, 0.979147732257843, 0.9801416397094727], [0.984459400177002, 0.9762644171714783, 0.9789538979530334, 0.9733448624610901, 0.969796895980835, 0.9999998807907104, 0.9815226197242737, 0.9765023589134216, 0.9856590032577515, 0.9840422868728638], [0.9797573685646057, 0.97513747215271, 0.986161470413208, 0.9857776165008545, 0.974822461605072, 0.9815226197242737, 0.9999999403953552, 0.9825063943862915, 0.990563690662384, 0.9895811080932617], [0.9797378778457642, 0.9765154719352722, 0.980697512626648, 0.9857265949249268, 0.9852961897850037, 0.9765023589134216, 0.9825063943862915, 0.9999998807907104, 0.9823868274688721, 0.983799934387207], [0.985071063041687, 0.9785259366035461, 0.9837275743484497, 0.9855522513389587, 0.979147732257843, 0.9856590032577515, 0.990563690662384, 0.9823868274688721, 1.0, 0.9920715093612671], [0.9795511364936829, 0.9782638549804688, 0.9866528511047363, 0.983445405960083, 0.9801416397094727, 0.9840422868728638, 0.9895811080932617, 0.983799934387207, 0.9920715093612671, 0.9999999403953552]]}, {"round": 7, "client_ids": [0, 1, 2, 3, 4, 5, 6, 7, 8, 9], "matrix": [[0.9999998807907104, 0.9749321341514587, 0.978215754032135, 0.9827101826667786, 0.9757087230682373, 0.9820622801780701, 0.9734668731689453, 0.9819421768188477, 0.980023205280304, 0.9750453233718872], [0.9749321341514587, 0.9999999403953552, 0.9668533205986023, 0.9776948094367981, 0.972386360168457, 0.9725945591926575, 0.9677049517631531, 0.9781652092933655, 0.9717486500740051, 0.971093475818634], [0.978215754032135, 0.9668533205986023, 0.9999999403953552, 0.9770193099975586, 0.9782676100730896, 0.9701643586158752, 0.980416476726532, 0.9769862294197083, 0.9750611782073975, 0.9830415844917297], [0.9827101826667786, 0.9776948094367981, 0.9770193099975586, 1.0, 0.9811535477638245, 0.9709240794181824, 0.9772619009017944, 0.9829511046409607, 0.9796932935714722, 0.97611403465271], [0.9757087230682373, 0.972386360168457, 0.9782676100730896, 0.9811535477638245, 1.0000001192092896, 0.9647913575172424, 0.9701423645019531, 0.9834296703338623, 0.9749467968940735, 0.9759426712989807], [0.9820622801780701, 0.9725945591926575, 0.9701643586158752, 0.9709240794181824, 0.9647913575172424, 1.0000003576278687, 0.9773311614990234, 0.9795733690261841, 0.9764459729194641, 0.9775253534317017], [0.9734668731689453, 0.9677049517631531, 0.980416476726532, 0.9772619009017944, 0.9701423645019531, 0.9773311614990234, 0.9999998807907104, 0.9843579530715942, 0.981399416923523, 0.9856399297714233], [0.9819421768188477, 0.9781652092933655, 0.9769862294197083, 0.9829511046409607, 0.9834296703338623, 0.9795733690261841, 0.9843579530715942, 1.0, 0.9822646975517273, 0.9809812307357788], [0.980023205280304, 0.9717486500740051, 0.9750611782073975, 0.9796932935714722, 0.9749467968940735, 0.9764459729194641, 0.981399416923523, 0.9822646975517273, 1.0, 0.9876441955566406], [0.9750453233718872, 0.971093475818634, 0.9830415844917297, 0.97611403465271, 0.9759426712989807, 0.9775253534317017, 0.9856399297714233, 0.9809812307357788, 0.9876441955566406, 1.0]]}, {"round": 8, "client_ids": [0, 1, 2, 3, 4, 5, 6, 7, 8, 9], "matrix": [[0.9999998807907104, 0.9687944054603577, 0.9811230301856995, 0.9839808344841003, 0.9743277430534363, 0.9810431599617004, 0.9780383110046387, 0.9813787341117859, 0.9795429110527039, 0.9716981053352356], [0.9687944054603577, 1.0000001192092896, 0.9644831418991089, 0.9788811206817627, 0.9704152345657349, 0.9631325006484985, 0.961001455783844, 0.9751914739608765, 0.9681812524795532, 0.9626423716545105], [0.9811230301856995, 0.9644831418991089, 0.9999998211860657, 0.979710042476654, 0.9783186316490173, 0.9710333347320557, 0.9865888953208923, 0.982287585735321, 0.9804002642631531, 0.983495831489563], [0.9839808344841003, 0.9788811206817627, 0.979710042476654, 0.9999999403953552, 0.9772389531135559, 0.9718793034553528, 0.9754040241241455, 0.9823557138442993, 0.9810452461242676, 0.9732804298400879], [0.9743277430534363, 0.9704152345657349, 0.9783186316490173, 0.9772389531135559, 1.0000003576278687, 0.9629667401313782, 0.9763370752334595, 0.9830586314201355, 0.9785464406013489, 0.9768909811973572], [0.9810431599617004, 0.9631325006484985, 0.9710333347320557, 0.9718793034553528, 0.9629667401313782, 0.9999998807907104, 0.9721301198005676, 0.9787899255752563, 0.9779815077781677, 0.9766274094581604], [0.9780383110046387, 0.961001455783844, 0.9865888953208923, 0.9754040241241455, 0.9763370752334595, 0.9721301198005676, 0.9999998807907104, 0.9861511588096619, 0.981236457824707, 0.9867562055587769], [0.9813787341117859, 0.9751914739608765, 0.982287585735321, 0.9823557138442993, 0.9830586314201355, 0.9787899255752563, 0.9861511588096619, 0.9999998211860657, 0.9860634803771973, 0.9845788478851318], [0.9795429110527039, 0.9681812524795532, 0.9804002642631531, 0.9810452461242676, 0.9785464406013489, 0.9779815077781677, 0.981236457824707, 0.9860634803771973, 0.9999999403953552, 0.9842514991760254], [0.9716981053352356, 0.9626423716545105, 0.983495831489563, 0.9732804298400879, 0.9768909811973572, 0.9766274094581604, 0.9867562055587769, 0.9845788478851318, 0.9842514991760254, 0.9999998807907104]]}, {"round": 9, "client_ids": [0, 1, 2, 3, 4, 5, 6, 7, 8, 9], "matrix": [[0.9999998807907104, 0.9607768058776855, 0.9805223941802979, 0.9838813543319702, 0.972541332244873, 0.9798621535301208, 0.9789285659790039, 0.9828944802284241, 0.9797134399414062, 0.9720877408981323], [0.9607768058776855, 1.0000001192092896, 0.9646700024604797, 0.972814679145813, 0.9728716611862183, 0.9593618512153625, 0.9596455693244934, 0.9728807210922241, 0.9705484509468079, 0.9633011221885681], [0.9805223941802979, 0.9646700024604797, 1.0, 0.9801019430160522, 0.9814026355743408, 0.9744197130203247, 0.9911149144172668, 0.9841717481613159, 0.9829856157302856, 0.9836468696594238], [0.9838813543319702, 0.972814679145813, 0.9801019430160522, 1.0000001192092896, 0.978621780872345, 0.9703580141067505, 0.9782694578170776, 0.983681321144104, 0.9821289777755737, 0.9770927429199219], [0.972541332244873, 0.9728716611862183, 0.9814026355743408, 0.978621780872345, 1.000000238418579, 0.9714336395263672, 0.9788703322410583, 0.9852109551429749, 0.9794312119483948, 0.9780491590499878], [0.9798621535301208, 0.9593618512153625, 0.9744197130203247, 0.9703580141067505, 0.9714336395263672, 0.9999999403953552, 0.9763346910476685, 0.9844678044319153, 0.973496675491333, 0.9793460965156555], [0.9789285659790039, 0.9596455693244934, 0.9911149144172668, 0.9782694578170776, 0.9788703322410583, 0.9763346910476685, 0.9999998807907104, 0.9858676791191101, 0.9829080700874329, 0.9839473962783813], [0.9828944802284241, 0.9728807210922241, 0.9841717481613159, 0.983681321144104, 0.9852109551429749, 0.9844678044319153, 0.9858676791191101, 1.0, 0.9858927130699158, 0.9845828413963318], [0.9797134399414062, 0.9705484509468079, 0.9829856157302856, 0.9821289777755737, 0.9794312119483948, 0.973496675491333, 0.9829080700874329, 0.9858927130699158, 0.9999999403953552, 0.9791781306266785], [0.9720877408981323, 0.9633011221885681, 0.9836468696594238, 0.9770927429199219, 0.9780491590499878, 0.9793460965156555, 0.9839473962783813, 0.9845828413963318, 0.9791781306266785, 1.0]]}, {"round": 10, "client_ids": [0, 1, 2, 3, 4, 5, 6, 7, 8, 9], "matrix": [[1.0, 0.9678307175636292, 0.9786978960037231, 0.9825003147125244, 0.9782707095146179, 0.9861153364181519, 0.9832955002784729, 0.9819568991661072, 0.9778517484664917, 0.9753903150558472], [0.9678307175636292, 1.0000001192092896, 0.9634512066841125, 0.9753186702728271, 0.9798071980476379, 0.9654033184051514, 0.9671339392662048, 0.9748658537864685, 0.9749389290809631, 0.969626784324646], [0.9786978960037231, 0.9634512066841125, 1.0, 0.9798309803009033, 0.9821046590805054, 0.9785608649253845, 0.9911059141159058, 0.9819494485855103, 0.9766672253608704, 0.9824747443199158], [0.9825003147125244, 0.9753186702728271, 0.9798309803009033, 0.9999998211860657, 0.9826509356498718, 0.9727714657783508, 0.9800504446029663, 0.9852889180183411, 0.9814649224281311, 0.9762624502182007], [0.9782707095146179, 0.9798071980476379, 0.9821046590805054, 0.9826509356498718, 1.000000238418579, 0.9789405465126038, 0.9822127819061279, 0.987748920917511, 0.9836986064910889, 0.9791243672370911], [0.9861153364181519, 0.9654033184051514, 0.9785608649253845, 0.9727714657783508, 0.9789405465126038, 1.0000001192092896, 0.9839821457862854, 0.9859336018562317, 0.9775671362876892, 0.9814720749855042], [0.9832955002784729, 0.9671339392662048, 0.9911059141159058, 0.9800504446029663, 0.9822127819061279, 0.9839821457862854, 0.9999998807907104, 0.9877832531929016, 0.9804673790931702, 0.9864452481269836], [0.9819568991661072, 0.9748658537864685, 0.9819494485855103, 0.9852889180183411, 0.987748920917511, 0.9859336018562317, 0.9877832531929016, 0.9999998807907104, 0.9855154156684875, 0.984565794467926], [0.9778517484664917, 0.9749389290809631, 0.9766672253608704, 0.9814649224281311, 0.9836986064910889, 0.9775671362876892, 0.9804673790931702, 0.9855154156684875, 1.000000238418579, 0.9791852235794067], [0.9753903150558472, 0.969626784324646, 0.9824747443199158, 0.9762624502182007, 0.9791243672370911, 0.9814720749855042, 0.9864452481269836, 0.984565794467926, 0.9791852235794067, 1.0000001192092896]]}, {"round": 11, "client_ids": [0, 1, 2, 3, 4, 5, 6, 7, 8, 9], "matrix": [[0.9999998211860657, 0.9731830954551697, 0.9835330843925476, 0.9842464327812195, 0.9814666509628296, 0.9851111769676208, 0.9870501160621643, 0.9822070598602295, 0.9823540449142456, 0.9822350144386292], [0.9731830954551697, 1.0, 0.965039074420929, 0.9788785576820374, 0.9799462556838989, 0.9644284248352051, 0.971346378326416, 0.9762887954711914, 0.9723867177963257, 0.974345326423645], [0.9835330843925476, 0.965039074420929, 1.0, 0.9834544658660889, 0.9816508889198303, 0.982519268989563, 0.9931309819221497, 0.9865500926971436, 0.9792077541351318, 0.9885594844818115], [0.9842464327812195, 0.9788785576820374, 0.9834544658660889, 1.0, 0.9835053086280823, 0.975864052772522, 0.9851229786872864, 0.9870999455451965, 0.988473653793335, 0.9829314947128296], [0.9814666509628296, 0.9799462556838989, 0.9816508889198303, 0.9835053086280823, 1.0000001192092896, 0.981952965259552, 0.9844260811805725, 0.9870010614395142, 0.9819318652153015, 0.9847603440284729], [0.9851111769676208, 0.9644284248352051, 0.982519268989563, 0.975864052772522, 0.981952965259552, 0.9999997615814209, 0.986091136932373, 0.9866201281547546, 0.9768911600112915, 0.9884520769119263], [0.9870501160621643, 0.971346378326416, 0.9931309819221497, 0.9851229786872864, 0.9844260811805725, 0.986091136932373, 1.0, 0.9881500005722046, 0.9842466711997986, 0.9910091161727905], [0.9822070598602295, 0.9762887954711914, 0.9865500926971436, 0.9870999455451965, 0.9870010614395142, 0.9866201281547546, 0.9881500005722046, 1.0000001192092896, 0.9835219383239746, 0.9873130321502686], [0.9823540449142456, 0.9723867177963257, 0.9792077541351318, 0.988473653793335, 0.9819318652153015, 0.9768911600112915, 0.9842466711997986, 0.9835219383239746, 1.0000001192092896, 0.982526421546936], [0.9822350144386292, 0.974345326423645, 0.9885594844818115, 0.9829314947128296, 0.9847603440284729, 0.9884520769119263, 0.9910091161727905, 0.9873130321502686, 0.982526421546936, 1.0]]}, {"round": 12, "client_ids": [0, 1, 2, 3, 4, 5, 6, 7, 8, 9], "matrix": [[0.9999998807907104, 0.9751614928245544, 0.9858494400978088, 0.9851164817810059, 0.9781075119972229, 0.9899335503578186, 0.986778974533081, 0.9839376211166382, 0.9828844666481018, 0.9850631952285767], [0.9751614928245544, 1.0, 0.972425103187561, 0.9850733280181885, 0.9840913414955139, 0.9731325507164001, 0.9769079685211182, 0.9788669943809509, 0.9765390157699585, 0.9783074259757996], [0.9858494400978088, 0.972425103187561, 0.9999998807907104, 0.9834192991256714, 0.9825912117958069, 0.9852189421653748, 0.9922441244125366, 0.9875652194023132, 0.9850419163703918, 0.9887080192565918], [0.9851164817810059, 0.9850733280181885, 0.9834192991256714, 1.0000001192092896, 0.9815860390663147, 0.9796649217605591, 0.9860398173332214, 0.9861364364624023, 0.9877846837043762, 0.9859588146209717], [0.9781075119972229, 0.9840913414955139, 0.9825912117958069, 0.9815860390663147, 1.0, 0.9810922741889954, 0.9832037687301636, 0.9829409718513489, 0.9840723276138306, 0.9832338094711304], [0.9899335503578186, 0.9731325507164001, 0.9852189421653748, 0.9796649217605591, 0.9810922741889954, 1.0, 0.9880054593086243, 0.9871814846992493, 0.9843180775642395, 0.9902645945549011], [0.986778974533081, 0.9769079685211182, 0.9922441244125366, 0.9860398173332214, 0.9832037687301636, 0.9880054593086243, 1.0000001192092896, 0.9893693327903748, 0.9884194731712341, 0.9912168383598328], [0.9839376211166382, 0.9788669943809509, 0.9875652194023132, 0.9861364364624023, 0.9829409718513489, 0.9871814846992493, 0.9893693327903748, 0.9999998807907104, 0.9844167828559875, 0.9871304035186768], [0.9828844666481018, 0.9765390157699585, 0.9850419163703918, 0.9877846837043762, 0.9840723276138306, 0.9843180775642395, 0.9884194731712341, 0.9844167828559875, 0.9999998211860657, 0.9887111783027649], [0.9850631952285767, 0.9783074259757996, 0.9887080192565918, 0.9859588146209717, 0.9832338094711304, 0.9902645945549011, 0.9912168383598328, 0.9871304035186768, 0.9887111783027649, 0.9999999403953552]]}, {"round": 13, "client_ids": [0, 1, 2, 3, 4, 5, 6, 7, 8, 9], "matrix": [[1.0000001192092896, 0.9739218354225159, 0.9864202737808228, 0.9860657453536987, 0.9785388708114624, 0.9870433807373047, 0.9869883060455322, 0.9830920696258545, 0.9840692281723022, 0.9871485233306885], [0.9739218354225159, 0.9999999403953552, 0.9719328284263611, 0.9838417768478394, 0.9823064804077148, 0.9734776020050049, 0.9770560264587402, 0.9792644381523132, 0.9815923571586609, 0.9791773557662964], [0.9864202737808228, 0.9719328284263611, 0.9999998807907104, 0.9843616485595703, 0.9828136563301086, 0.9840981960296631, 0.9929258227348328, 0.9868654608726501, 0.9848703145980835, 0.9903414249420166], [0.9860657453536987, 0.9838417768478394, 0.9843616485595703, 1.0, 0.9816279411315918, 0.9782602190971375, 0.9867172241210938, 0.9831942915916443, 0.9909550547599792, 0.9870190024375916], [0.9785388708114624, 0.9823064804077148, 0.9828136563301086, 0.9816279411315918, 1.0, 0.9803000092506409, 0.9838204383850098, 0.9838913679122925, 0.9839557409286499, 0.9859892129898071], [0.9870433807373047, 0.9734776020050049, 0.9840981960296631, 0.9782602190971375, 0.9803000092506409, 1.0000001192092896, 0.9862164258956909, 0.9849101305007935, 0.9824598431587219, 0.9904148578643799], [0.9869883060455322, 0.9770560264587402, 0.9929258227348328, 0.9867172241210938, 0.9838204383850098, 0.9862164258956909, 1.0, 0.9896748065948486, 0.98869389295578, 0.99159175157547], [0.9830920696258545, 0.9792644381523132, 0.9868654608726501, 0.9831942915916443, 0.9838913679122925, 0.9849101305007935, 0.9896748065948486, 1.0, 0.9855742454528809, 0.985966682434082], [0.9840692281723022, 0.9815923571586609, 0.9848703145980835, 0.9909550547599792, 0.9839557409286499, 0.9824598431587219, 0.98869389295578, 0.9855742454528809, 1.0, 0.9882779717445374], [0.9871485233306885, 0.9791773557662964, 0.9903414249420166, 0.9870190024375916, 0.9859892129898071, 0.9904148578643799, 0.99159175157547, 0.985966682434082, 0.9882779717445374, 1.0000001192092896]]}, {"round": 14, "client_ids": [0, 1, 2, 3, 4, 5, 6, 7, 8, 9], "matrix": [[1.0, 0.976509153842926, 0.9889071583747864, 0.9882431030273438, 0.980800211429596, 0.987735390663147, 0.989101231098175, 0.9847469925880432, 0.9862990975379944, 0.9906490445137024], [0.976509153842926, 0.9999997615814209, 0.9791046380996704, 0.9850794672966003, 0.9861725568771362, 0.9752530455589294, 0.9789769053459167, 0.9836521744728088, 0.9820114970207214, 0.9803670048713684], [0.9889071583747864, 0.9791046380996704, 1.0, 0.9876593947410583, 0.9836872220039368, 0.9886921048164368, 0.9939234852790833, 0.9883182048797607, 0.9861317873001099, 0.9931159019470215], [0.9882431030273438, 0.9850794672966003, 0.9876593947410583, 0.9999999403953552, 0.9845687747001648, 0.9781869053840637, 0.9883063435554504, 0.9837234020233154, 0.9888988137245178, 0.9879664182662964], [0.980800211429596, 0.9861725568771362, 0.9836872220039368, 0.9845687747001648, 0.9999999403953552, 0.981893002986908, 0.9846665859222412, 0.9858091473579407, 0.9810778498649597, 0.9869500994682312], [0.987735390663147, 0.9752530455589294, 0.9886921048164368, 0.9781869053840637, 0.981893002986908, 0.9999999403953552, 0.9878806471824646, 0.9874855279922485, 0.9841265082359314, 0.9912011623382568], [0.989101231098175, 0.9789769053459167, 0.9939234852790833, 0.9883063435554504, 0.9846665859222412, 0.9878806471824646, 1.0, 0.9880900979042053, 0.988419771194458, 0.9940369725227356], [0.9847469925880432, 0.9836521744728088, 0.9883182048797607, 0.9837234020233154, 0.9858091473579407, 0.9874855279922485, 0.9880900979042053, 1.0000001192092896, 0.9869949221611023, 0.9874389171600342], [0.9862990975379944, 0.9820114970207214, 0.9861317873001099, 0.9888988137245178, 0.9810778498649597, 0.9841265082359314, 0.988419771194458, 0.9869949221611023, 1.0, 0.9869544506072998], [0.9906490445137024, 0.9803670048713684, 0.9931159019470215, 0.9879664182662964, 0.9869500994682312, 0.9912011623382568, 0.9940369725227356, 0.9874389171600342, 0.9869544506072998, 0.9999998807907104]]}, {"round": 15, "client_ids": [0, 1, 2, 3, 4, 5, 6, 7, 8, 9], "matrix": [[0.9999998807907104, 0.9780995845794678, 0.9909323453903198, 0.9897654056549072, 0.9839670658111572, 0.9868208169937134, 0.9892995953559875, 0.9868096709251404, 0.9875900149345398, 0.9917157292366028], [0.9780995845794678, 0.9999998807907104, 0.9782566428184509, 0.9837228059768677, 0.9884332418441772, 0.974403977394104, 0.9766014814376831, 0.981206476688385, 0.9777233004570007, 0.9812551736831665], [0.9909323453903198, 0.9782566428184509, 1.0000001192092896, 0.9906835556030273, 0.9867817163467407, 0.9879186749458313, 0.9947361946105957, 0.9895032644271851, 0.986322820186615, 0.9948195219039917], [0.9897654056549072, 0.9837228059768677, 0.9906835556030273, 0.9999998211860657, 0.9849072098731995, 0.9783914089202881, 0.988694429397583, 0.9829355478286743, 0.9875829219818115, 0.9890992045402527], [0.9839670658111572, 0.9884332418441772, 0.9867817163467407, 0.9849072098731995, 0.9999998807907104, 0.981177806854248, 0.985701858997345, 0.9872526526451111, 0.9810705184936523, 0.9897799491882324], [0.9868208169937134, 0.974403977394104, 0.9879186749458313, 0.9783914089202881, 0.981177806854248, 1.0, 0.9881724715232849, 0.9879486560821533, 0.9862650632858276, 0.9904478192329407], [0.9892995953559875, 0.9766014814376831, 0.9947361946105957, 0.988694429397583, 0.985701858997345, 0.9881724715232849, 1.0000001192092896, 0.9888405799865723, 0.9887083768844604, 0.9936595559120178], [0.9868096709251404, 0.981206476688385, 0.9895032644271851, 0.9829355478286743, 0.9872526526451111, 0.9879486560821533, 0.9888405799865723, 0.9999997615814209, 0.986271858215332, 0.9882197380065918], [0.9875900149345398, 0.9777233004570007, 0.986322820186615, 0.9875829219818115, 0.9810705184936523, 0.9862650632858276, 0.9887083768844604, 0.986271858215332, 1.0, 0.988037645816803], [0.9917157292366028, 0.9812551736831665, 0.9948195219039917, 0.9890992045402527, 0.9897799491882324, 0.9904478192329407, 0.9936595559120178, 0.9882197380065918, 0.988037645816803, 1.0]]}, {"round": 16, "client_ids": [0, 1, 2, 3, 4, 5, 6, 7, 8, 9], "matrix": [[0.9999995231628418, 0.9818181991577148, 0.9892899394035339, 0.9858353734016418, 0.9842653274536133, 0.988980770111084, 0.9898611307144165, 0.9881556630134583, 0.9892531633377075, 0.992455780506134], [0.9818181991577148, 1.0, 0.98306804895401, 0.9836351275444031, 0.9908097982406616, 0.9772728681564331, 0.9809466600418091, 0.9849449992179871, 0.9834839105606079, 0.9847275614738464], [0.9892899394035339, 0.98306804895401, 0.9999999403953552, 0.9899548888206482, 0.9884938597679138, 0.9884814620018005, 0.996531069278717, 0.9911245107650757, 0.9898141622543335, 0.9953207969665527], [0.9858353734016418, 0.9836351275444031, 0.9899548888206482, 0.9999998807907104, 0.9862803220748901, 0.976559579372406, 0.989234447479248, 0.9823349714279175, 0.9893026351928711, 0.9899348020553589], [0.9842653274536133, 0.9908097982406616, 0.9884938597679138, 0.9862803220748901, 1.0000001192092896, 0.9822444915771484, 0.988080620765686, 0.9885400533676147, 0.9839825630187988, 0.9916343688964844], [0.988980770111084, 0.9772728681564331, 0.9884814620018005, 0.976559579372406, 0.9822444915771484, 1.000000238418579, 0.9872172474861145, 0.9899308085441589, 0.9864564538002014, 0.9908469915390015], [0.9898611307144165, 0.9809466600418091, 0.996531069278717, 0.989234447479248, 0.988080620765686, 0.9872172474861145, 0.9999999403953552, 0.9904688000679016, 0.9917657971382141, 0.9947935342788696], [0.9881556630134583, 0.9849449992179871, 0.9911245107650757, 0.9823349714279175, 0.9885400533676147, 0.9899308085441589, 0.9904688000679016, 1.0, 0.9887142777442932, 0.9908023476600647], [0.9892531633377075, 0.9834839105606079, 0.9898141622543335, 0.9893026351928711, 0.9839825630187988, 0.9864564538002014, 0.9917657971382141, 0.9887142777442932, 0.9999998807907104, 0.9914942979812622], [0.992455780506134, 0.9847275614738464, 0.9953207969665527, 0.9899348020553589, 0.9916343688964844, 0.9908469915390015, 0.9947935342788696, 0.9908023476600647, 0.9914942979812622, 0.9999999403953552]]}, {"round": 17, "client_ids": [0, 1, 2, 3, 4, 5, 6, 7, 8, 9], "matrix": [[1.0, 0.9792943000793457, 0.9891539216041565, 0.9850679636001587, 0.9844843149185181, 0.9879231452941895, 0.9888542890548706, 0.9874091148376465, 0.9903678297996521, 0.9920166730880737], [0.9792943000793457, 1.000000238418579, 0.9843059778213501, 0.9842376708984375, 0.9919702410697937, 0.9767711162567139, 0.9801637530326843, 0.9837586283683777, 0.982653021812439, 0.9830912947654724], [0.9891539216041565, 0.9843059778213501, 0.9999997615814209, 0.989699125289917, 0.9892612099647522, 0.9888580441474915, 0.9957017302513123, 0.9914344549179077, 0.9915396571159363, 0.9943942427635193], [0.9850679636001587, 0.9842376708984375, 0.989699125289917, 0.9999998807907104, 0.9875776767730713, 0.9756109714508057, 0.9893274903297424, 0.9824540615081787, 0.9884078502655029, 0.989520788192749], [0.9844843149185181, 0.9919702410697937, 0.9892612099647522, 0.9875776767730713, 1.0000001192092896, 0.9816878437995911, 0.987740695476532, 0.9872294068336487, 0.9862097501754761, 0.9903589487075806], [0.9879231452941895, 0.9767711162567139, 0.9888580441474915, 0.9756109714508057, 0.9816878437995911, 1.0, 0.986336350440979, 0.9890800714492798, 0.990183413028717, 0.9901166558265686], [0.9888542890548706, 0.9801637530326843, 0.9957017302513123, 0.9893274903297424, 0.987740695476532, 0.986336350440979, 1.0, 0.9892348051071167, 0.9933730959892273, 0.9930724501609802], [0.9874091148376465, 0.9837586283683777, 0.9914344549179077, 0.9824540615081787, 0.9872294068336487, 0.9890800714492798, 0.9892348051071167, 0.9999997615814209, 0.9908525943756104, 0.9891650080680847], [0.9903678297996521, 0.982653021812439, 0.9915396571159363, 0.9884078502655029, 0.9862097501754761, 0.990183413028717, 0.9933730959892273, 0.9908525943756104, 1.0, 0.9923979043960571], [0.9920166730880737, 0.9830912947654724, 0.9943942427635193, 0.989520788192749, 0.9903589487075806, 0.9901166558265686, 0.9930724501609802, 0.9891650080680847, 0.9923979043960571, 1.0]]}, {"round": 18, "client_ids": [0, 1, 2, 3, 4, 5, 6, 7, 8, 9], "matrix": [[0.9999998807907104, 0.9800319671630859, 0.9878658652305603, 0.9844850897789001, 0.9867908954620361, 0.9868988990783691, 0.9895091652870178, 0.9866756200790405, 0.9920676946640015, 0.9911311864852905], [0.9800319671630859, 1.000000238418579, 0.9853684902191162, 0.9857134819030762, 0.992323100566864, 0.9796404242515564, 0.9829502105712891, 0.9847679734230042, 0.9828406572341919, 0.9856352806091309], [0.9878658652305603, 0.9853684902191162, 0.9999999403953552, 0.989959716796875, 0.9896227717399597, 0.9887814521789551, 0.9961662888526917, 0.9923556447029114, 0.9924771785736084, 0.9945682883262634], [0.9844850897789001, 0.9857134819030762, 0.989959716796875, 0.9999997019767761, 0.9869015216827393, 0.9803367853164673, 0.9911696314811707, 0.9841508865356445, 0.9899293780326843, 0.9912623763084412], [0.9867908954620361, 0.992323100566864, 0.9896227717399597, 0.9869015216827393, 0.9999997019767761, 0.982825756072998, 0.9893385767936707, 0.9886287450790405, 0.9868893623352051, 0.9918792843818665], [0.9868988990783691, 0.9796404242515564, 0.9887814521789551, 0.9803367853164673, 0.982825756072998, 1.0, 0.9872285723686218, 0.9893084168434143, 0.9911937117576599, 0.9911360144615173], [0.9895091652870178, 0.9829502105712891, 0.9961662888526917, 0.9911696314811707, 0.9893385767936707, 0.9872285723686218, 1.0, 0.9908265471458435, 0.994210422039032, 0.9952446818351746], [0.9866756200790405, 0.9847679734230042, 0.9923556447029114, 0.9841508865356445, 0.9886287450790405, 0.9893084168434143, 0.9908265471458435, 1.0, 0.9907222390174866, 0.9913031458854675], [0.9920676946640015, 0.9828406572341919, 0.9924771785736084, 0.9899293780326843, 0.9868893623352051, 0.9911937117576599, 0.994210422039032, 0.9907222390174866, 1.0, 0.9929670691490173], [0.9911311864852905, 0.9856352806091309, 0.9945682883262634, 0.9912623763084412, 0.9918792843818665, 0.9911360144615173, 0.9952446818351746, 0.9913031458854675, 0.9929670691490173, 0.9999998807907104]]}, {"round": 19, "client_ids": [0, 1, 2, 3, 4, 5, 6, 7, 8, 9], "matrix": [[0.9999999403953552, 0.9787255525588989, 0.9882171750068665, 0.9849677085876465, 0.9870673418045044, 0.9870510101318359, 0.989854097366333, 0.9873259663581848, 0.9905956983566284, 0.9915874004364014], [0.9787255525588989, 1.0, 0.985649585723877, 0.9861617684364319, 0.9918625950813293, 0.9801419973373413, 0.9827936887741089, 0.9862115979194641, 0.9842286109924316, 0.9866546988487244], [0.9882171750068665, 0.985649585723877, 1.000000238418579, 0.9902710318565369, 0.9903212785720825, 0.9888373017311096, 0.9958871006965637, 0.9928092956542969, 0.991098165512085, 0.9940425753593445], [0.9849677085876465, 0.9861617684364319, 0.9902710318565369, 0.9999999403953552, 0.9881194233894348, 0.9818048477172852, 0.9916740655899048, 0.9858609437942505, 0.9902031421661377, 0.9913946390151978], [0.9870673418045044, 0.9918625950813293, 0.9903212785720825, 0.9881194233894348, 0.9999997615814209, 0.9847058653831482, 0.9903313517570496, 0.9895934462547302, 0.9875292181968689, 0.9928686022758484], [0.9870510101318359, 0.9801419973373413, 0.9888373017311096, 0.9818048477172852, 0.9847058653831482, 1.0000001192092896, 0.9869627952575684, 0.9890539646148682, 0.9905583262443542, 0.9917280077934265], [0.989854097366333, 0.9827936887741089, 0.9958871006965637, 0.9916740655899048, 0.9903313517570496, 0.9869627952575684, 1.0000001192092896, 0.9911358952522278, 0.9927611351013184, 0.9937554597854614], [0.9873259663581848, 0.9862115979194641, 0.9928092956542969, 0.9858609437942505, 0.9895934462547302, 0.9890539646148682, 0.9911358952522278, 0.9999998807907104, 0.99073326587677, 0.9891103506088257], [0.9905956983566284, 0.9842286109924316, 0.991098165512085, 0.9902031421661377, 0.9875292181968689, 0.9905583262443542, 0.9927611351013184, 0.99073326587677, 1.0, 0.9926597476005554], [0.9915874004364014, 0.9866546988487244, 0.9940425753593445, 0.9913946390151978, 0.9928686022758484, 0.9917280077934265, 0.9937554597854614, 0.9891103506088257, 0.9926597476005554, 0.9999998807907104]]}, {"round": 20, "client_ids": [0, 1, 2, 3, 4, 5, 6, 7, 8, 9], "matrix": [[1.0000001192092896, 0.9813048243522644, 0.9901469349861145, 0.9882599711418152, 0.9885603785514832, 0.9907064437866211, 0.9906656742095947, 0.9880316257476807, 0.9934988021850586, 0.9916848540306091], [0.9813048243522644, 1.0000001192092896, 0.9869648814201355, 0.9870411157608032, 0.9908403754234314, 0.9804424047470093, 0.9849455952644348, 0.9856607913970947, 0.9852612614631653, 0.9864233732223511], [0.9901469349861145, 0.9869648814201355, 1.0, 0.9909200668334961, 0.9900190234184265, 0.9896441698074341, 0.9972390532493591, 0.9931929707527161, 0.9922866225242615, 0.9947444796562195], [0.9882599711418152, 0.9870411157608032, 0.9909200668334961, 1.0, 0.9880791306495667, 0.9846499562263489, 0.9912299513816833, 0.9864935874938965, 0.990698516368866, 0.9919301867485046], [0.9885603785514832, 0.9908403754234314, 0.9900190234184265, 0.9880791306495667, 0.9999999403953552, 0.9866417646408081, 0.9900887608528137, 0.987267017364502, 0.9883064031600952, 0.9929734468460083], [0.9907064437866211, 0.9804424047470093, 0.9896441698074341, 0.984649956226