{"dataset": ["MUTAG"], "num_clients": 10, "total_rounds_recorded": 100, "history": [{"round": 1, "client_ids": [0, 1, 2, 3, 4, 5, 6, 7, 8, 9], "matrix": [[1.0000001192092896, 0.46675050258636475, 0.3870660960674286, 0.34467148780822754, 0.2800962030887604, 0.3598354160785675, 0.3346228301525116, 0.25589582324028015, 0.4316326081752777, 0.3675309121608734], [0.46675050258636475, 0.9999998807907104, 0.30664879083633423, 0.46982890367507935, 0.3376765549182892, 0.3239278495311737, 0.34413108229637146, 0.21197491884231567, 0.430886447429657, 0.31586953997612], [0.3870660960674286, 0.30664879083633423, 0.9999998211860657, 0.2739570438861847, 0.37082940340042114, 0.254427433013916, 0.4138389229774475, 0.23617930710315704, 0.4490288496017456, 0.3284424841403961], [0.34467148780822754, 0.46982890367507935, 0.2739570438861847, 1.000000238418579, 0.3563116192817688, 0.3733712434768677, 0.4653591513633728, 0.3689326047897339, 0.3911411762237549, 0.358148455619812], [0.2800962030887604, 0.3376765549182892, 0.37082940340042114, 0.3563116192817688, 1.0000001192092896, 0.4878897964954376, 0.33873894810676575, 0.20246461033821106, 0.34760454297065735, 0.24124254286289215], [0.3598354160785675, 0.3239278495311737, 0.254427433013916, 0.3733712434768677, 0.4878897964954376, 0.9999999403953552, 0.20979666709899902, 0.30844801664352417, 0.35757192969322205, 0.42138561606407166], [0.3346228301525116, 0.34413108229637146, 0.4138389229774475, 0.4653591513633728, 0.33873894810676575, 0.20979666709899902, 1.0, 0.33224502205848694, 0.32078123092651367, 0.36371761560440063], [0.25589582324028015, 0.21197491884231567, 0.23617930710315704, 0.3689326047897339, 0.20246461033821106, 0.30844801664352417, 0.33224502205848694, 1.0, 0.24765239655971527, 0.5048980712890625], [0.4316326081752777, 0.430886447429657, 0.4490288496017456, 0.3911411762237549, 0.34760454297065735, 0.35757192969322205, 0.32078123092651367, 0.24765239655971527, 0.9999998807907104, 0.41629987955093384], [0.3675309121608734, 0.31586953997612, 0.3284424841403961, 0.358148455619812, 0.24124254286289215, 0.42138561606407166, 0.36371761560440063, 0.5048980712890625, 0.41629987955093384, 0.9999999403953552]]}, {"round": 2, "client_ids": [0, 1, 2, 3, 4, 5, 6, 7, 8, 9], "matrix": [[0.9999998807907104, 0.9924895763397217, 0.9761335849761963, 0.9935886263847351, 0.9864556193351746, 0.98204106092453, 0.9890051484107971, 0.9901488423347473, 0.9826498031616211, 0.9849437475204468], [0.9924895763397217, 1.0000001192092896, 0.9736837148666382, 0.9972301125526428, 0.9881661534309387, 0.9878249168395996, 0.9912520051002502, 0.9926025867462158, 0.9881395697593689, 0.9928128719329834], [0.9761335849761963, 0.9736837148666382, 1.0000001192092896, 0.9760426878929138, 0.9912399649620056, 0.9884351491928101, 0.9854082465171814, 0.983311116695404, 0.9853735566139221, 0.9704854488372803], [0.9935886263847351, 0.9972301125526428, 0.9760426878929138, 0.9999998807907104, 0.9900261163711548, 0.9884825944900513, 0.9921953678131104, 0.9948654770851135, 0.9881793260574341, 0.9922553300857544], [0.9864556193351746, 0.9881661534309387, 0.9912399649620056, 0.9900261163711548, 1.000000238418579, 0.993630051612854, 0.9925984144210815, 0.9923825263977051, 0.9888438582420349, 0.9837342500686646], [0.98204106092453, 0.9878249168395996, 0.9884351491928101, 0.9884825944900513, 0.993630051612854, 1.0000001192092896, 0.9901816844940186, 0.9906075596809387, 0.9907360672950745, 0.9850233793258667], [0.9890051484107971, 0.9912520051002502, 0.9854082465171814, 0.9921953678131104, 0.9925984144210815, 0.9901816844940186, 0.9999998211860657, 0.9910416007041931, 0.9889321327209473, 0.9861401319503784], [0.9901488423347473, 0.9926025867462158, 0.983311116695404, 0.9948654770851135, 0.9923825263977051, 0.9906075596809387, 0.9910416007041931, 1.0000001192092896, 0.9893110990524292, 0.9881201982498169], [0.9826498031616211, 0.9881395697593689, 0.9853735566139221, 0.9881793260574341, 0.9888438582420349, 0.9907360672950745, 0.9889321327209473, 0.9893110990524292, 1.0, 0.9918329119682312], [0.9849437475204468, 0.9928128719329834, 0.9704854488372803, 0.9922553300857544, 0.9837342500686646, 0.9850233793258667, 0.9861401319503784, 0.9881201982498169, 0.9918329119682312, 1.0000001192092896]]}, {"round": 3, "client_ids": [0, 1, 2, 3, 4, 5, 6, 7, 8, 9], "matrix": [[1.0, 0.9952792525291443, 0.9926698803901672, 0.9942358732223511, 0.9909566640853882, 0.9947839379310608, 0.9876382946968079, 0.9941990971565247, 0.9902536273002625, 0.984533965587616], [0.9952792525291443, 0.9999998807907104, 0.9897627830505371, 0.9964830875396729, 0.990325391292572, 0.996625542640686, 0.9869080781936646, 0.9923731684684753, 0.994320273399353, 0.9919494390487671], [0.9926698803901672, 0.9897627830505371, 0.9999999403953552, 0.9857082366943359, 0.9917849898338318, 0.9923263192176819, 0.9852038621902466, 0.9910424947738647, 0.9843629002571106, 0.9778608679771423], [0.9942358732223511, 0.9964830875396729, 0.9857082366943359, 1.0, 0.9871047139167786, 0.9945898652076721, 0.9862258434295654, 0.9936412572860718, 0.9916134476661682, 0.9908174276351929], [0.9909566640853882, 0.990325391292572, 0.9917849898338318, 0.9871047139167786, 1.0, 0.9933037161827087, 0.9904102087020874, 0.9888591170310974, 0.9844905138015747, 0.9819546341896057], [0.9947839379310608, 0.996625542640686, 0.9923263192176819, 0.9945898652076721, 0.9933037161827087, 0.9999998807907104, 0.9857400059700012, 0.9935059547424316, 0.9926043152809143, 0.9898117184638977], [0.9876382946968079, 0.9869080781936646, 0.9852038621902466, 0.9862258434295654, 0.9904102087020874, 0.9857400059700012, 1.0000001192092896, 0.9831894040107727, 0.9806287884712219, 0.9747363924980164], [0.9941990971565247, 0.9923731684684753, 0.9910424947738647, 0.9936412572860718, 0.9888591170310974, 0.9935059547424316, 0.9831894040107727, 1.0000001192092896, 0.9887877106666565, 0.983884334564209], [0.9902536273002625, 0.994320273399353, 0.9843629002571106, 0.9916134476661682, 0.9844905138015747, 0.9926043152809143, 0.9806287884712219, 0.9887877106666565, 0.9999998807907104, 0.9929879307746887], [0.984533965587616, 0.9919494390487671, 0.9778608679771423, 0.9908174276351929, 0.9819546341896057, 0.9898117184638977, 0.9747363924980164, 0.983884334564209, 0.9929879307746887, 1.0]]}, {"round": 4, "client_ids": [0, 1, 2, 3, 4, 5, 6, 7, 8, 9], "matrix": [[1.000000238418579, 0.9944849014282227, 0.9907071590423584, 0.9907398819923401, 0.9931761622428894, 0.9921185374259949, 0.9858810901641846, 0.9909772276878357, 0.9909358024597168, 0.9772180318832397], [0.9944849014282227, 0.9999998807907104, 0.9874487519264221, 0.9944726228713989, 0.9879282712936401, 0.9901347160339355, 0.9830288887023926, 0.9909914135932922, 0.994172215461731, 0.9811308979988098], [0.9907071590423584, 0.9874487519264221, 0.9999998807907104, 0.9775877594947815, 0.9937838912010193, 0.987671434879303, 0.9821641445159912, 0.9876191020011902, 0.9809192419052124, 0.9687535762786865], [0.9907398819923401, 0.9944726228713989, 0.9775877594947815, 0.9999999403953552, 0.9812377691268921, 0.9883642196655273, 0.9788451790809631, 0.990704357624054, 0.9939485788345337, 0.9847098588943481], [0.9931761622428894, 0.9879282712936401, 0.9937838912010193, 0.9812377691268921, 1.0000001192092896, 0.9927648305892944, 0.9877753257751465, 0.9900054931640625, 0.9837150573730469, 0.972014307975769], [0.9921185374259949, 0.9901347160339355, 0.987671434879303, 0.9883642196655273, 0.9927648305892944, 1.0, 0.9833650588989258, 0.9886583089828491, 0.9873602390289307, 0.9743152856826782], [0.9858810901641846, 0.9830288887023926, 0.9821641445159912, 0.9788451790809631, 0.9877753257751465, 0.9833650588989258, 0.9999998211860657, 0.9810680747032166, 0.9806580543518066, 0.961742103099823], [0.9909772276878357, 0.9909914135932922, 0.9876191020011902, 0.990704357624054, 0.9900054931640625, 0.9886583089828491, 0.9810680747032166, 1.0, 0.9882735013961792, 0.9795022010803223], [0.9909358024597168, 0.994172215461731, 0.9809192419052124, 0.9939485788345337, 0.9837150573730469, 0.9873602390289307, 0.9806580543518066, 0.9882735013961792, 1.0000001192092896, 0.9841936826705933], [0.9772180318832397, 0.9811308979988098, 0.9687535762786865, 0.9847098588943481, 0.972014307975769, 0.9743152856826782, 0.961742103099823, 0.9795022010803223, 0.9841936826705933, 0.9999999403953552]]}, {"round": 5, "client_ids": [0, 1, 2, 3, 4, 5, 6, 7, 8, 9], "matrix": [[1.0, 0.990300178527832, 0.9820584654808044, 0.988262414932251, 0.9878150820732117, 0.9834615588188171, 0.97789466381073, 0.9819594025611877, 0.9930301904678345, 0.9662007093429565], [0.990300178527832, 0.9999998211860657, 0.983844518661499, 0.9902051687240601, 0.9797976016998291, 0.9792420268058777, 0.9818316698074341, 0.986092209815979, 0.9925880432128906, 0.9670395851135254], [0.9820584654808044, 0.983844518661499, 0.9999998807907104, 0.9766037464141846, 0.9787468314170837, 0.983320951461792, 0.9623997211456299, 0.9842908978462219, 0.9788576364517212, 0.9602986574172974], [0.988262414932251, 0.9902051687240601, 0.9766037464141846, 1.0, 0.9746794700622559, 0.9818829894065857, 0.9779923558235168, 0.9880968928337097, 0.9893549084663391, 0.9706888198852539], [0.9878150820732117, 0.9797976016998291, 0.9787468314170837, 0.9746794700622559, 1.0000001192092896, 0.985245406627655, 0.9712342023849487, 0.9750012755393982, 0.9823171496391296, 0.95896315574646], [0.9834615588188171, 0.9792420268058777, 0.983320951461792, 0.9818829894065857, 0.985245406627655, 0.9999998807907104, 0.9681271314620972, 0.9797418117523193, 0.9793830513954163, 0.95474773645401], [0.97789466381073, 0.9818316698074341, 0.9623997211456299, 0.9779923558235168, 0.9712342023849487, 0.9681271314620972, 0.9999998807907104, 0.969215452671051, 0.9746569991111755, 0.9441236853599548], [0.9819594025611877, 0.986092209815979, 0.9842908978462219, 0.9880968928337097, 0.9750012755393982, 0.9797418117523193, 0.969215452671051, 0.9999998211860657, 0.9797689914703369, 0.9591096639633179], [0.9930301904678345, 0.9925880432128906, 0.9788576364517212, 0.9893549084663391, 0.9823171496391296, 0.9793830513954163, 0.9746569991111755, 0.9797689914703369, 1.0, 0.9662359952926636], [0.9662007093429565, 0.9670395851135254, 0.9602986574172974, 0.9706888198852539, 0.95896315574646, 0.95474773645401, 0.9441236853599548, 0.9591096639633179, 0.9662359952926636, 1.000000238418579]]}, {"round": 6, "client_ids": [0, 1, 2, 3, 4, 5, 6, 7, 8, 9], "matrix": [[0.9999997019767761, 0.9544199705123901, 0.957023024559021, 0.9739790558815002, 0.9767550230026245, 0.9722408652305603, 0.9717133045196533, 0.949129581451416, 0.983757734298706, 0.9603244066238403], [0.9544199705123901, 0.9999998807907104, 0.9757915139198303, 0.9627460241317749, 0.9627296924591064, 0.9739320874214172, 0.966015636920929, 0.9687025547027588, 0.9545679688453674, 0.9503130316734314], [0.957023024559021, 0.9757915139198303, 0.9999998807907104, 0.9680312871932983, 0.9673806428909302, 0.9787815809249878, 0.9631869792938232, 0.976254940032959, 0.9566405415534973, 0.9416041970252991], [0.9739790558815002, 0.9627460241317749, 0.9680312871932983, 0.9999998807907104, 0.9674177765846252, 0.9735013842582703, 0.9712563753128052, 0.9736137986183167, 0.9766924381256104, 0.9439014196395874], [0.9767550230026245, 0.9627296924591064, 0.9673806428909302, 0.9674177765846252, 1.000000238418579, 0.972427248954773, 0.9721167087554932, 0.9504817724227905, 0.9767334461212158, 0.9375746250152588], [0.9722408652305603, 0.9739320874214172, 0.9787815809249878, 0.9735013842582703, 0.972427248954773, 0.9999998807907104, 0.9654960632324219, 0.9673026204109192, 0.9728185534477234, 0.9538382887840271], [0.9717133045196533, 0.966015636920929, 0.9631869792938232, 0.9712563753128052, 0.9721167087554932, 0.9654960632324219, 0.9999997019767761, 0.9598572254180908, 0.9635900259017944, 0.9360188841819763], [0.949129581451416, 0.9687025547027588, 0.976254940032959, 0.9736137986183167, 0.9504817724227905, 0.9673026204109192, 0.9598572254180908, 0.9999998211860657, 0.9451144933700562, 0.946250319480896], [0.983757734298706, 0.9545679688453674, 0.9566405415534973, 0.9766924381256104, 0.9767334461212158, 0.9728185534477234, 0.9635900259017944, 0.9451144933700562, 1.0000001192092896, 0.9522125124931335], [0.9603244066238403, 0.9503130316734314, 0.9416041970252991, 0.9439014196395874, 0.9375746250152588, 0.9538382887840271, 0.9360188841819763, 0.946250319480896, 0.9522125124931335, 0.9999998807907104]]}, {"round": 7, "client_ids": [0, 1, 2, 3, 4, 5, 6, 7, 8, 9], "matrix": [[0.9999999403953552, 0.9465864300727844, 0.9188188314437866, 0.9464324116706848, 0.9483997821807861, 0.9646407961845398, 0.9494926929473877, 0.9302898049354553, 0.9611525535583496, 0.9600428938865662], [0.9465864300727844, 1.0000001192092896, 0.9689275622367859, 0.9636504650115967, 0.9542355537414551, 0.9643029570579529, 0.9634737372398376, 0.9706709980964661, 0.9416642785072327, 0.9506658911705017], [0.9188188314437866, 0.9689275622367859, 1.0, 0.9656113386154175, 0.9445117115974426, 0.9449519515037537, 0.9408289194107056, 0.9687776565551758, 0.9073023796081543, 0.9186444878578186], [0.9464324116706848, 0.9636504650115967, 0.9656113386154175, 0.9999999403953552, 0.9598012566566467, 0.95915287733078, 0.949631929397583, 0.9624167680740356, 0.941674530506134, 0.9319388270378113], [0.9483997821807861, 0.9542355537414551, 0.9445117115974426, 0.9598012566566467, 0.9999999403953552, 0.9501327276229858, 0.9518659114837646, 0.9440044164657593, 0.9555566906929016, 0.9143738150596619], [0.9646407961845398, 0.9643029570579529, 0.9449519515037537, 0.95915287733078, 0.9501327276229858, 0.9999999403953552, 0.93973708152771, 0.9409316778182983, 0.961732029914856, 0.9518743753433228], [0.9494926929473877, 0.9634737372398376, 0.9408289194107056, 0.949631929397583, 0.9518659114837646, 0.93973708152771, 0.9999998807907104, 0.9568986892700195, 0.9407473206520081, 0.9300713539123535], [0.9302898049354553, 0.9706709980964661, 0.9687776565551758, 0.9624167680740356, 0.9440044164657593, 0.9409316778182983, 0.9568986892700195, 1.0000001192092896, 0.9208417534828186, 0.9452406764030457], [0.9611525535583496, 0.9416642785072327, 0.9073023796081543, 0.941674530506134, 0.9555566906929016, 0.961732029914856, 0.9407473206520081, 0.9208417534828186, 1.0, 0.9453359842300415], [0.9600428938865662, 0.9506658911705017, 0.9186444878578186, 0.9319388270378113, 0.9143738150596619, 0.9518743753433228, 0.9300713539123535, 0.9452406764030457, 0.9453359842300415, 0.9999997615814209]]}, {"round": 8, "client_ids": [0, 1, 2, 3, 4, 5, 6, 7, 8, 9], "matrix": [[1.0000001192092896, 0.961556613445282, 0.9264326691627502, 0.9552776217460632, 0.9400155544281006, 0.9600623846054077, 0.9450897574424744, 0.9325879812240601, 0.9589613080024719, 0.9532762765884399], [0.961556613445282, 1.0000001192092896, 0.9580075144767761, 0.9584384560585022, 0.9601139426231384, 0.9692936539649963, 0.9590871334075928, 0.9609603881835938, 0.9611691236495972, 0.9538748264312744], [0.9264326691627502, 0.9580075144767761, 1.0000001192092896, 0.963238537311554, 0.9373990297317505, 0.9484037160873413, 0.9196845293045044, 0.9720326662063599, 0.9210794568061829, 0.9317888617515564], [0.9552776217460632, 0.9584384560585022, 0.963238537311554, 0.9999998807907104, 0.948631227016449, 0.9601439833641052, 0.9348317980766296, 0.9596284031867981, 0.9440041184425354, 0.9381787180900574], [0.9400155544281006, 0.9601139426231384, 0.9373990297317505, 0.948631227016449, 1.0, 0.9406669735908508, 0.9382806420326233, 0.9452208280563354, 0.9303916096687317, 0.9135284423828125], [0.9600623846054077, 0.9692936539649963, 0.9484037160873413, 0.9601439833641052, 0.9406669735908508, 0.9999998807907104, 0.9400620460510254, 0.9545952677726746, 0.9672122001647949, 0.9632362127304077], [0.9450897574424744, 0.9590871334075928, 0.9196845293045044, 0.9348317980766296, 0.9382806420326233, 0.9400620460510254, 1.0000001192092896, 0.9449431896209717, 0.9373254776000977, 0.9145063161849976], [0.9325879812240601, 0.9609603881835938, 0.9720326662063599, 0.9596284031867981, 0.9452208280563354, 0.9545952677726746, 0.9449431896209717, 0.9999998807907104, 0.9315940737724304, 0.9419369697570801], [0.9589613080024719, 0.9611691236495972, 0.9210794568061829, 0.9440041184425354, 0.9303916096687317, 0.9672122001647949, 0.9373254776000977, 0.9315940737724304, 1.0, 0.9548413753509521], [0.9532762765884399, 0.9538748264312744, 0.9317888617515564, 0.9381787180900574, 0.9135284423828125, 0.9632362127304077, 0.9145063161849976, 0.9419369697570801, 0.9548413753509521, 0.9999999403953552]]}, {"round": 9, "client_ids": [0, 1, 2, 3, 4, 5, 6, 7, 8, 9], "matrix": [[0.9999998807907104, 0.9521511197090149, 0.9449305534362793, 0.9712705612182617, 0.9082263708114624, 0.9566208720207214, 0.9317446351051331, 0.9197127223014832, 0.9545206427574158, 0.9481678009033203], [0.9521511197090149, 1.0, 0.9664332866668701, 0.9639263153076172, 0.9512015581130981, 0.955710768699646, 0.9581699371337891, 0.9593344330787659, 0.9653478860855103, 0.9522063136100769], [0.9449305534362793, 0.9664332866668701, 0.9999998807907104, 0.9695820808410645, 0.9526405334472656, 0.9611972570419312, 0.9406980872154236, 0.9677252173423767, 0.9405825734138489, 0.9425589442253113], [0.9712705612182617, 0.9639263153076172, 0.9695820808410645, 1.0000001192092896, 0.9319066405296326, 0.9690104126930237, 0.935529351234436, 0.9449326395988464, 0.9502021670341492, 0.9585453867912292], [0.9082263708114624, 0.9512015581130981, 0.9526405334472656, 0.9319066405296326, 1.0000001192092896, 0.9350353479385376, 0.9288991093635559, 0.953960120677948, 0.9294434189796448, 0.907184898853302], [0.9566208720207214, 0.955710768699646, 0.9611972570419312, 0.9690104126930237, 0.9350353479385376, 0.9999999403953552, 0.9467190504074097, 0.9514044523239136, 0.9663622975349426, 0.9498694539070129], [0.9317446351051331, 0.9581699371337891, 0.9406980872154236, 0.935529351234436, 0.9288991093635559, 0.9467190504074097, 1.0, 0.95155930519104, 0.9558939337730408, 0.9084258675575256], [0.9197127223014832, 0.9593344330787659, 0.9677252173423767, 0.9449326395988464, 0.953960120677948, 0.9514044523239136, 0.95155930519104, 1.0000001192092896, 0.944337785243988, 0.9380295276641846], [0.9545206427574158, 0.9653478860855103, 0.9405825734138489, 0.9502021670341492, 0.9294434189796448, 0.9663622975349426, 0.9558939337730408, 0.944337785243988, 1.0000001192092896, 0.9541589021682739], [0.9481678009033203, 0.9522063136100769, 0.9425589442253113, 0.9585453867912292, 0.907184898853302, 0.9498694539070129, 0.9084258675575256, 0.9380295276641846, 0.9541589021682739, 1.0000001192092896]]}, {"round": 10, "client_ids": [0, 1, 2, 3, 4, 5, 6, 7, 8, 9], "matrix": [[0.9999999403953552, 0.9522652626037598, 0.9528200626373291, 0.9762231111526489, 0.9049198627471924, 0.9578536152839661, 0.9152948260307312, 0.9195422530174255, 0.947867751121521, 0.9464393258094788], [0.9522652626037598, 1.0000001192092896, 0.966053307056427, 0.9670189023017883, 0.9435009360313416, 0.9499639868736267, 0.9456789493560791, 0.9525352120399475, 0.9520536661148071, 0.9533224105834961], [0.9528200626373291, 0.966053307056427, 1.0000001192092896, 0.9725395441055298, 0.9570587277412415, 0.9616059064865112, 0.9354934692382812, 0.9696300625801086, 0.9454072117805481, 0.9588958621025085], [0.9762231111526489, 0.9670189023017883, 0.9725395441055298, 1.0000001192092896, 0.9378859400749207, 0.9704759120941162, 0.9313585758209229, 0.9489589333534241, 0.9539656639099121, 0.9618771076202393], [0.9049198627471924, 0.9435009360313416, 0.9570587277412415, 0.9378859400749207, 1.0, 0.9389044642448425, 0.9408785700798035, 0.9590739011764526, 0.9330471754074097, 0.9230002164840698], [0.9578536152839661, 0.9499639868736267, 0.9616059064865112, 0.9704759120941162, 0.9389044642448425, 1.0, 0.9505235552787781, 0.9541100859642029, 0.9678559899330139, 0.9543931484222412], [0.9152948260307312, 0.9456789493560791, 0.9354934692382812, 0.9313585758209229, 0.9408785700798035, 0.9505235552787781, 1.0, 0.9595215916633606, 0.966349184513092, 0.9169325828552246], [0.9195422530174255, 0.9525352120399475, 0.9696300625801086, 0.9489589333534241, 0.9590739011764526, 0.9541100859642029, 0.9595215916633606, 0.9999999403953552, 0.9475795030593872, 0.9496227502822876], [0.947867751121521, 0.9520536661148071, 0.9454072117805481, 0.9539656639099121, 0.9330471754074097, 0.9678559899330139, 0.966349184513092, 0.9475795030593872, 0.9999998807907104, 0.9466961026191711], [0.9464393258094788, 0.9533224105834961, 0.9588958621025085, 0.9618771076202393, 0.9230002164840698, 0.9543931484222412, 0.9169325828552246, 0.9496227502822876, 0.9466961026191711, 1.0000001192092896]]}, {"round": 11, "client_ids": [0, 1, 2, 3, 4, 5, 6, 7, 8, 9], "matrix": [[1.0000001192092896, 0.9520893692970276, 0.9564906358718872, 0.9804568886756897, 0.9231660962104797, 0.96043860912323, 0.9395123720169067, 0.9262136816978455, 0.95246422290802, 0.9508109092712402], [0.9520893692970276, 1.0, 0.9695806503295898, 0.9622504711151123, 0.9480798244476318, 0.9477396011352539, 0.9523986577987671, 0.9518144726753235, 0.9516928195953369, 0.9589599967002869], [0.9564906358718872, 0.9695806503295898, 1.0000001192092896, 0.9769715666770935, 0.9635704159736633, 0.958939254283905, 0.9374341368675232, 0.9667925834655762, 0.9433677792549133, 0.9653003215789795], [0.9804568886756897, 0.9622504711151123, 0.9769715666770935, 0.9999998807907104, 0.9405503869056702, 0.9706924557685852, 0.9475589990615845, 0.9470502138137817, 0.9531035423278809, 0.9640207886695862], [0.9231660962104797, 0.9480798244476318, 0.9635704159736633, 0.9405503869056702, 1.0000001192092896, 0.9306169748306274, 0.9357340335845947, 0.9672759175300598, 0.9346960783004761, 0.936086118221283], [0.96043860912323, 0.9477396011352539, 0.958939254283905, 0.9706924557685852, 0.9306169748306274, 1.0000001192092896, 0.9501544237136841, 0.9398619532585144, 0.9618998169898987, 0.9572826623916626], [0.9395123720169067, 0.9523986577987671, 0.9374341368675232, 0.9475589990615845, 0.9357340335845947, 0.9501544237136841, 0.9999998807907104, 0.9527079463005066, 0.9742839932441711, 0.9341115951538086], [0.9262136816978455, 0.9518144726753235, 0.9667925834655762, 0.9470502138137817, 0.9672759175300598, 0.9398619532585144, 0.9527079463005066, 1.0000001192092896, 0.9495934844017029, 0.9490095973014832], [0.95246422290802, 0.9516928195953369, 0.9433677792549133, 0.9531035423278809, 0.9346960783004761, 0.9618998169898987, 0.9742839932441711, 0.9495934844017029, 1.0, 0.9431411027908325], [0.9508109092712402, 0.9589599967002869, 0.9653003215789795, 0.9640207886695862, 0.936086118221283, 0.9572826623916626, 0.9341115951538086, 0.9490095973014832, 0.9431411027908325, 1.0]]}, {"round": 12, "client_ids": [0, 1, 2, 3, 4, 5, 6, 7, 8, 9], "matrix": [[1.0, 0.9649182558059692, 0.9594948291778564, 0.9806241393089294, 0.9368934035301208, 0.9671757817268372, 0.9610244631767273, 0.9351967573165894, 0.9644722938537598, 0.9640076756477356], [0.9649182558059692, 0.9999999403953552, 0.9783124327659607, 0.9663221836090088, 0.9569494128227234, 0.9601038098335266, 0.9557640552520752, 0.9617536664009094, 0.9679891467094421, 0.9709927439689636], [0.9594948291778564, 0.9783124327659607, 1.0000001192092896, 0.9732415676116943, 0.9727776050567627, 0.9629825353622437, 0.9472245573997498, 0.9734880328178406, 0.9675431251525879, 0.971720278263092], [0.9806241393089294, 0.9663221836090088, 0.9732415676116943, 0.9999999403953552, 0.9523517489433289, 0.9731870889663696, 0.9580613374710083, 0.9522039890289307, 0.966684877872467, 0.9748254418373108], [0.9368934035301208, 0.9569494128227234, 0.9727776050567627, 0.9523517489433289, 0.9999999403953552, 0.9370672702789307, 0.9399742484092712, 0.9716796875, 0.9460540413856506, 0.946351170539856], [0.9671757817268372, 0.9601038098335266, 0.9629825353622437, 0.9731870889663696, 0.9370672702789307, 1.0000001192092896, 0.9591232538223267, 0.9427843689918518, 0.9724450707435608, 0.9651131629943848], [0.9610244631767273, 0.9557640552520752, 0.9472245573997498, 0.9580613374710083, 0.9399742484092712, 0.9591232538223267, 0.9999997019767761, 0.9559052586555481, 0.9681908488273621, 0.955237627029419], [0.9351967573165894, 0.9617536664009094, 0.9734880328178406, 0.9522039890289307, 0.9716796875, 0.9427843689918518, 0.9559052586555481, 0.9999998807907104, 0.9587029218673706, 0.9553568959236145], [0.9644722938537598, 0.9679891467094421, 0.9675431251525879, 0.966684877872467, 0.9460540413856506, 0.9724450707435608, 0.9681908488273621, 0.9587029218673706, 0.9999999403953552, 0.9715468883514404], [0.9640076756477356, 0.9709927439689636, 0.971720278263092, 0.9748254418373108, 0.946351170539856, 0.9651131629943848, 0.955237627029419, 0.9553568959236145, 0.9715468883514404, 0.9999999403953552]]}, {"round": 13, "client_ids": [0, 1, 2, 3, 4, 5, 6, 7, 8, 9], "matrix": [[1.0000001192092896, 0.9625728130340576, 0.9591688513755798, 0.9796533584594727, 0.9352759718894958, 0.9611963629722595, 0.9577778577804565, 0.9393993020057678, 0.9669134616851807, 0.9658716320991516], [0.9625728130340576, 1.000000238418579, 0.9815672039985657, 0.965074896812439, 0.9606557488441467, 0.9536828994750977, 0.9565632939338684, 0.9704231023788452, 0.9717530608177185, 0.9774869680404663], [0.9591688513755798, 0.9815672039985657, 1.0, 0.9736610054969788, 0.9769722819328308, 0.9561048150062561, 0.9523669481277466, 0.9790617227554321, 0.9678347110748291, 0.9753439426422119], [0.9796533584594727, 0.965074896812439, 0.9736610054969788, 1.000000238418579, 0.9598373770713806, 0.9590755105018616, 0.9590147137641907, 0.9598399996757507, 0.966787576675415, 0.9726949334144592], [0.9352759718894958, 0.9606557488441467, 0.9769722819328308, 0.9598373770713806, 1.0, 0.9322506189346313, 0.9472521543502808, 0.9714800119400024, 0.9495082497596741, 0.9482910633087158], [0.9611963629722595, 0.9536828994750977, 0.9561048150062561, 0.9590755105018616, 0.9322506189346313, 1.0, 0.9451531767845154, 0.9432600140571594, 0.962439775466919, 0.953743040561676], [0.9577778577804565, 0.9565632939338684, 0.9523669481277466, 0.9590147137641907, 0.9472521543502808, 0.9451531767845154, 1.0000001192092896, 0.961977481842041, 0.9702108502388, 0.9604490399360657], [0.9393993020057678, 0.9704231023788452, 0.9790617227554321, 0.9598399996757507, 0.9714800119400024, 0.9432600140571594, 0.961977481842041, 0.9999998807907104, 0.9567233920097351, 0.9605370163917542], [0.9669134616851807, 0.9717530608177185, 0.9678347110748291, 0.966787576675415, 0.9495082497596741, 0.962439775466919, 0.9702108502388, 0.9567233920097351, 1.0000001192092896, 0.9757901430130005], [0.9658716320991516, 0.9774869680404663, 0.9753439426422119, 0.9726949334144592, 0.9482910633087158, 0.953743040561676, 0.9604490399360657, 0.9605370163917542, 0.9757901430130005, 1.0]]}, {"round": 14, "client_ids": [0, 1, 2, 3, 4, 5, 6, 7, 8, 9], "matrix": [[1.0, 0.9650585055351257, 0.9596453309059143, 0.9782953858375549, 0.936684787273407, 0.9685368537902832, 0.9557850956916809, 0.9457444548606873, 0.9706096053123474, 0.9604735970497131], [0.9650585055351257, 1.0, 0.9783405661582947, 0.9685814380645752, 0.9573180079460144, 0.9517552256584167, 0.9551337957382202, 0.9735352993011475, 0.9754517078399658, 0.9790897369384766], [0.9596453309059143, 0.9783405661582947, 1.000000238418579, 0.9773133993148804, 0.9811120629310608, 0.9577906727790833, 0.9567353129386902, 0.9818764925003052, 0.9718479514122009, 0.967862069606781], [0.9782953858375549, 0.9685814380645752, 0.9773133993148804, 1.0000001192092896, 0.9620426893234253, 0.9652223587036133, 0.9630535244941711, 0.969165563583374, 0.9708127975463867, 0.9651771783828735], [0.936684787273407, 0.9573180079460144, 0.9811120629310608, 0.9620426893234253, 1.0, 0.9353810548782349, 0.9454941153526306, 0.9746537804603577, 0.9507847428321838, 0.9472529292106628], [0.9685368537902832, 0.9517552256584167, 0.9577906727790833, 0.9652223587036133, 0.9353810548782349, 1.0000001192092896, 0.953818142414093, 0.9510130286216736, 0.9658361673355103, 0.9503819346427917], [0.9557850956916809, 0.9551337957382202, 0.9567353129386902, 0.9630535244941711, 0.9454941153526306, 0.953818142414093, 0.9999999403953552, 0.9655583500862122, 0.9730379581451416, 0.9561521410942078], [0.9457444548606873, 0.9735352993011475, 0.9818764925003052, 0.969165563583374, 0.9746537804603577, 0.9510130286216736, 0.9655583500862122, 1.0, 0.966016948223114, 0.9650657773017883], [0.9706096053123474, 0.9754517078399658, 0.9718479514122009, 0.9708127975463867, 0.9507847428321838, 0.9658361673355103, 0.9730379581451416, 0.966016948223114, 1.0000001192092896, 0.981362521648407], [0.9604735970497131, 0.9790897369384766, 0.967862069606781, 0.9651771783828735, 0.9472529292106628, 0.9503819346427917, 0.9561521410942078, 0.9650657773017883, 0.981362521648407, 1.0]]}, {"round": 15, "client_ids": [0, 1, 2, 3, 4, 5, 6, 7, 8, 9], "matrix": [[1.000000238418579, 0.9706501960754395, 0.9580844044685364, 0.9812618494033813, 0.9445621371269226, 0.9742299914360046, 0.9606568217277527, 0.9541759490966797, 0.9704626798629761, 0.9704363346099854], [0.9706501960754395, 1.000000238418579, 0.9770367741584778, 0.9772266745567322, 0.9684523344039917, 0.9576794505119324, 0.9614078998565674, 0.9721359610557556, 0.9702997207641602, 0.9815405607223511], [0.9580844044685364, 0.9770367741584778, 1.0, 0.9759600162506104, 0.9844990372657776, 0.9578095078468323, 0.9582129716873169, 0.9790264964103699, 0.9692857265472412, 0.9689403772354126], [0.9812618494033813, 0.9772266745567322, 0.9759600162506104, 0.9999999403953552, 0.9714366793632507, 0.9710330963134766, 0.9654167294502258, 0.9758261442184448, 0.9778115153312683, 0.9769263863563538], [0.9445621371269226, 0.9684523344039917, 0.9844990372657776, 0.9714366793632507, 1.000000238418579, 0.9410589337348938, 0.9544069766998291, 0.9771296977996826, 0.957110583782196, 0.9613889455795288], [0.9742299914360046, 0.9576794505119324, 0.9578095078468323, 0.9710330963134766, 0.9410589337348938, 0.9999998807907104, 0.9562691450119019, 0.9574229717254639, 0.9761729836463928, 0.9646612405776978], [0.9606568217277527, 0.9614078998565674, 0.9582129716873169, 0.9654167294502258, 0.9544069766998291, 0.9562691450119019, 0.9999998807907104, 0.9699851870536804, 0.9653496146202087, 0.9625372886657715], [0.9541759490966797, 0.9721359610557556, 0.9790264964103699, 0.9758261442184448, 0.9771296977996826, 0.9574229717254639, 0.9699851870536804, 0.9999999403953552, 0.9683302640914917, 0.9717587828636169], [0.9704626798629761, 0.9702997207641602, 0.9692857265472412, 0.9778115153312683, 0.957110583782196, 0.9761729836463928, 0.9653496146202087, 0.9683302640914917, 1.0000001192092896, 0.9806579947471619], [0.9704363346099854, 0.9815405607223511, 0.9689403772354126, 0.9769263863563538, 0.9613889455795288, 0.9646612405776978, 0.9625372886657715, 0.9717587828636169, 0.9806579947471619, 0.9999997615814209]]}, {"round": 16, "client_ids": [0, 1, 2, 3, 4, 5, 6, 7, 8, 9], "matrix": [[0.9999999403953552, 0.9676390290260315, 0.9634529948234558, 0.979548454284668, 0.9481741786003113, 0.9681059122085571, 0.9608999490737915, 0.9563102126121521, 0.9813258051872253, 0.9696831107139587], [0.9676390290260315, 1.0, 0.9825563430786133, 0.9800463914871216, 0.9666060209274292, 0.9497541189193726, 0.9607846736907959, 0.9745966196060181, 0.9716458916664124, 0.9817782044410706], [0.9634529948234558, 0.9825563430786133, 1.000000238418579, 0.9770260453224182, 0.9809224605560303, 0.9549286365509033, 0.9603415131568909, 0.9817023873329163, 0.9729606509208679, 0.9699387550354004], [0.979548454284668, 0.9800463914871216, 0.9770260453224182, 1.0, 0.9700480699539185, 0.9656822085380554, 0.9662773609161377, 0.9758877158164978, 0.9793023467063904, 0.9806047081947327], [0.9481741786003113, 0.9666060209274292, 0.9809224605560303, 0.9700480699539185, 1.0, 0.9311048984527588, 0.9586907625198364, 0.9794437885284424, 0.9605137705802917, 0.9703036546707153], [0.9681059122085571, 0.9497541189193726, 0.9549286365509033, 0.9656822085380554, 0.9311048984527588, 0.9999997615814209, 0.9477430582046509, 0.9518826603889465, 0.9754766225814819, 0.9529475569725037], [0.9608999490737915, 0.9607846736907959, 0.9603415131568909, 0.9662773609161377, 0.9586907625198364, 0.9477430582046509, 0.9999997019767761, 0.9707253575325012, 0.9696391224861145, 0.9642298817634583], [0.9563102126121521, 0.9745966196060181, 0.9817023873329163, 0.9758877158164978, 0.9794437885284424, 0.9518826603889465, 0.9707253575325012, 1.0, 0.9685269594192505, 0.9715011715888977], [0.9813258051872253, 0.9716458916664124, 0.9729606509208679, 0.9793023467063904, 0.9605137705802917, 0.9754766225814819, 0.9696391224861145, 0.9685269594192505, 1.000000238418579, 0.9780951142311096], [0.9696831107139587, 0.9817782044410706, 0.9699387550354004, 0.9806047081947327, 0.9703036546707153, 0.9529475569725037, 0.9642298817634583, 0.9715011715888977, 0.9780951142311096, 1.0]]}, {"round": 17, "client_ids": [0, 1, 2, 3, 4, 5, 6, 7, 8, 9], "matrix": [[0.9999998211860657, 0.9663236737251282, 0.9619444608688354, 0.9716895818710327, 0.9508191347122192, 0.9686743021011353, 0.9594618082046509, 0.9551064372062683, 0.9749932885169983, 0.9652441143989563], [0.9663236737251282, 1.0000001192092896, 0.9829082489013672, 0.9795563220977783, 0.9703996181488037, 0.9516651034355164, 0.9654335379600525, 0.9748561382293701, 0.9754628539085388, 0.9764549732208252], [0.9619444608688354, 0.9829082489013672, 1.0000001192092896, 0.9816049337387085, 0.9872274994850159, 0.9520550966262817, 0.9681090116500854, 0.9806525707244873, 0.9730865955352783, 0.9698354005813599], [0.9716895818710327, 0.9795563220977783, 0.9816049337387085, 1.0, 0.9776946902275085, 0.9678024649620056, 0.9682579040527344, 0.9814556241035461, 0.9775438904762268, 0.9781122803688049], [0.9508191347122192, 0.9703996181488037, 0.9872274994850159, 0.9776946902275085, 0.9999998807907104, 0.9417791366577148, 0.9647681713104248, 0.9806233644485474, 0.9626258611679077, 0.9715428948402405], [0.9686743021011353, 0.9516651034355164, 0.9520550966262817, 0.9678024649620056, 0.9417791366577148, 1.0, 0.9518154263496399, 0.9589105248451233, 0.9752243161201477, 0.9557370543479919], [0.9594618082046509, 0.9654335379600525, 0.9681090116500854, 0.9682579040527344, 0.9647681713104248, 0.9518154263496399, 0.9999999403953552, 0.969420313835144, 0.9684568047523499, 0.9608705043792725], [0.9551064372062683, 0.9748561382293701, 0.9806525707244873, 0.9814556241035461, 0.9806233644485474, 0.9589105248451233, 0.969420313835144, 0.9999999403953552, 0.9728027582168579, 0.9745090007781982], [0.9749932885169983, 0.9754628539085388, 0.9730865955352783, 0.9775438904762268, 0.9626258611679077, 0.9752243161201477, 0.9684568047523499, 0.9728027582168579, 0.9999998807907104, 0.9712796807289124], [0.9652441143989563, 0.9764549732208252, 0.9698354005813599, 0.9781122803688049, 0.9715428948402405, 0.9557370543479919, 0.9608705043792725, 0.9745090007781982, 0.9712796807289124, 1.0000001192092896]]}, {"round": 18, "client_ids": [0, 1, 2, 3, 4, 5, 6, 7, 8, 9], "matrix": [[0.9999999403953552, 0.9702722430229187, 0.9625887870788574, 0.9757579565048218, 0.9552363157272339, 0.9702643752098083, 0.9657672047615051, 0.9650669693946838, 0.9802194237709045, 0.9700680375099182], [0.9702722430229187, 0.9999998807907104, 0.9806299209594727, 0.9783123135566711, 0.9746997356414795, 0.9544029235839844, 0.965615451335907, 0.9791847467422485, 0.9753041863441467, 0.9757089614868164], [0.9625887870788574, 0.9806299209594727, 1.0, 0.9768384695053101, 0.98816978931427, 0.9431232810020447, 0.9666528105735779, 0.9830431342124939, 0.973335862159729, 0.968506932258606], [0.9757579565048218, 0.9783123135566711, 0.9768384695053101, 0.9999998807907104, 0.9755927920341492, 0.9672867059707642, 0.970797061920166, 0.9821130633354187, 0.9866451025009155, 0.9786058068275452], [0.9552363157272339, 0.9746997356414795, 0.98816978931427, 0.9755927920341492, 1.0000001192092896, 0.9441433548927307, 0.9651530981063843, 0.9857267737388611, 0.9677159190177917, 0.9709055423736572], [0.9702643752098083, 0.9544029235839844, 0.9431232810020447, 0.9672867059707642, 0.9441433548927307, 1.0, 0.9469549655914307, 0.9605355858802795, 0.9639034271240234, 0.9611238241195679], [0.9657672047615051, 0.965615451335907, 0.9666528105735779, 0.970797061920166, 0.9651530981063843, 0.9469549655914307, 0.9999999403953552, 0.9675804376602173, 0.9723944067955017, 0.958507776260376], [0.9650669693946838, 0.9791847467422485, 0.9830431342124939, 0.9821130633354187, 0.9857267737388611, 0.9605355858802795, 0.9675804376602173, 1.0, 0.9777435660362244, 0.9759297370910645], [0.9802194237709045, 0.9753041863441467, 0.973335862159729, 0.9866451025009155, 0.9677159190177917, 0.9639034271240234, 0.9723944067955017, 0.9777435660362244, 1.0000001192092896, 0.9773383736610413], [0.9700680375099182, 0.9757089614868164, 0.968506932258606, 0.9786058068275452, 0.9709055423736572, 0.9611238241195679, 0.958507776260376, 0.9759297370910645, 0.9773383736610413, 1.0]]}, {"round": 19, "client_ids": [0, 1, 2, 3, 4, 5, 6, 7, 8, 9], "matrix": [[0.9999999403953552, 0.9700378775596619, 0.9636226296424866, 0.9816451668739319, 0.9595143795013428, 0.9769166111946106, 0.9658491015434265, 0.9672458171844482, 0.9836480021476746, 0.9684621095657349], [0.9700378775596619, 0.9999998211860657, 0.9821109175682068, 0.9772023558616638, 0.9785986542701721, 0.9634369611740112, 0.9641574025154114, 0.9801264405250549, 0.9733409285545349, 0.9753942489624023], [0.9636226296424866, 0.9821109175682068, 1.0, 0.977649450302124, 0.9907379150390625, 0.9482519030570984, 0.965111494064331, 0.986464262008667, 0.9718987345695496, 0.9670258164405823], [0.9816451668739319, 0.9772023558616638, 0.977649450302124, 1.0, 0.9786899089813232, 0.9753662943840027, 0.9693871140480042, 0.9797447323799133, 0.9871325492858887, 0.9791197180747986], [0.9595143795013428, 0.9785986542701721, 0.9907379150390625, 0.9786899089813232, 1.0000001192092896, 0.9514316320419312, 0.9703332781791687, 0.9884635806083679, 0.970992922782898, 0.9711998105049133], [0.9769166111946106, 0.9634369611740112, 0.9482519030570984, 0.9753662943840027, 0.9514316320419312, 1.0, 0.9604831337928772, 0.960877001285553, 0.9758453369140625, 0.9686444997787476], [0.9658491015434265, 0.9641574025154114, 0.965111494064331, 0.9693871140480042, 0.9703332781791687, 0.9604831337928772, 1.0, 0.9739869236946106, 0.9754651188850403, 0.9499377608299255], [0.9672458171844482, 0.9801264405250549, 0.986464262008667, 0.9797447323799133, 0.9884635806083679, 0.960877001285553, 0.9739869236946106, 0.9999999403953552, 0.9745451807975769, 0.9667255878448486], [0.9836480021476746, 0.9733409285545349, 0.9718987345695496, 0.9871325492858887, 0.970992922782898, 0.9758453369140625, 0.9754651188850403, 0.9745451807975769, 1.0, 0.9776352047920227], [0.9684621095657349, 0.9753942489624023, 0.9670258164405823, 0.9791197180747986, 0.9711998105049133, 0.9686444997787476, 0.9499377608299255, 0.9667255878448486, 0.9776352047920227, 0.9999998211860657]]}, {"round": 20, "client_ids": [0, 1, 2, 3, 4, 5, 6, 7, 8, 9], "matrix": [[1.0, 0.9710386991500854, 0.9680032134056091, 0.9846192002296448, 0.9630167484283447, 0.9788653254508972, 0.9793811440467834, 0.9719351530075073, 0.9879676103591919, 0.966538667678833], [0.9710386991500854, 1.000000238418579, 0.9845924973487854, 0.9767553806304932, 0.9782156944274902, 0.9641224145889282, 0.9695591926574707, 0.980353593826294, 0.9727409482002258, 0.9694216251373291], [0.9680032134056091, 0.9845924973487854, 1.0, 0.9767002463340759, 0.9839459657669067, 0.9544839262962341, 0.9694017171859741, 0.9824410080909729, 0.9724100828170776, 0.966895341873169], [0.9846192002296448, 0.9767553806304932, 0.9767002463340759, 0.9999999403953552, 0.9796415567398071, 0.9743667840957642, 0.9746854305267334, 0.9806976914405823, 0.9897295832633972, 0.9759658575057983], [0.9630167484283447, 0.9782156944274902, 0.9839459657669067, 0.9796415567398071, 0.9999999403953552, 0.9553674459457397, 0.968569815158844, 0.9882615804672241, 0.9706677198410034, 0.966356635093689], [0.9788653254508972, 0.9641224145889282, 0.954483926296