{"dataset": ["COX2"], "num_clients": 10, "total_rounds_recorded": 100, "history": [{"round": 1, "client_ids": [0, 1, 2, 3, 4, 5, 6, 7, 8, 9], "matrix": [[1.0, 0.2501363754272461, 0.5214980840682983, 0.5693475008010864, 0.38374948501586914, 0.4393112063407898, 0.4048794209957123, 0.4749356508255005, 0.4961632490158081, 0.3809484839439392], [0.2501363754272461, 0.9999998807907104, 0.32356780767440796, 0.41664737462997437, 0.33513957262039185, 0.45296478271484375, 0.3950498700141907, 0.5082007646560669, 0.3063106834888458, 0.37182021141052246], [0.5214980840682983, 0.32356780767440796, 0.9999999403953552, 0.4479522705078125, 0.40283846855163574, 0.47614747285842896, 0.49058061838150024, 0.5256942510604858, 0.32216256856918335, 0.4758493900299072], [0.5693475008010864, 0.41664737462997437, 0.4479522705078125, 1.0, 0.4768500030040741, 0.23811210691928864, 0.3265056014060974, 0.627270519733429, 0.37338680028915405, 0.40772557258605957], [0.38374948501586914, 0.33513957262039185, 0.40283846855163574, 0.4768500030040741, 1.0, 0.3280504643917084, 0.37476563453674316, 0.4132930040359497, 0.4540661871433258, 0.4311242401599884], [0.4393112063407898, 0.45296478271484375, 0.47614747285842896, 0.23811210691928864, 0.3280504643917084, 0.9999998807907104, 0.4371998608112335, 0.384379118680954, 0.37972885370254517, 0.467621773481369], [0.4048794209957123, 0.3950498700141907, 0.49058061838150024, 0.3265056014060974, 0.37476563453674316, 0.4371998608112335, 1.0000001192092896, 0.48455607891082764, 0.3891802132129669, 0.30817049741744995], [0.4749356508255005, 0.5082007646560669, 0.5256942510604858, 0.627270519733429, 0.4132930040359497, 0.384379118680954, 0.48455607891082764, 1.0, 0.40666651725769043, 0.47621577978134155], [0.4961632490158081, 0.3063106834888458, 0.32216256856918335, 0.37338680028915405, 0.4540661871433258, 0.37972885370254517, 0.3891802132129669, 0.40666651725769043, 0.9999999403953552, 0.33914095163345337], [0.3809484839439392, 0.37182021141052246, 0.4758493900299072, 0.40772557258605957, 0.4311242401599884, 0.467621773481369, 0.30817049741744995, 0.47621577978134155, 0.33914095163345337, 1.0]]}, {"round": 2, "client_ids": [0, 1, 2, 3, 4, 5, 6, 7, 8, 9], "matrix": [[0.9999998807907104, 0.9925806522369385, 0.9941510558128357, 0.9952989816665649, 0.9875305891036987, 0.9945778846740723, 0.9933656454086304, 0.992451548576355, 0.996006429195404, 0.9961337447166443], [0.9925806522369385, 0.9999999403953552, 0.9942454099655151, 0.9921771287918091, 0.9910475015640259, 0.9890486001968384, 0.9915131330490112, 0.9869074821472168, 0.98932945728302, 0.9961605072021484], [0.9941510558128357, 0.9942454099655151, 1.0, 0.9947526454925537, 0.9885100722312927, 0.9941142797470093, 0.9955118894577026, 0.9935855865478516, 0.9949277639389038, 0.9951856136322021], [0.9952989816665649, 0.9921771287918091, 0.9947526454925537, 1.0, 0.990800142288208, 0.9935509562492371, 0.9916510581970215, 0.9905792474746704, 0.992916464805603, 0.9962038397789001], [0.9875305891036987, 0.9910475015640259, 0.9885100722312927, 0.990800142288208, 1.0, 0.9794353246688843, 0.9814869165420532, 0.9760159254074097, 0.9824134111404419, 0.9917736053466797], [0.9945778846740723, 0.9890486001968384, 0.9941142797470093, 0.9935509562492371, 0.9794353246688843, 1.0, 0.9959127306938171, 0.9966124296188354, 0.9971339106559753, 0.9938042163848877], [0.9933656454086304, 0.9915131330490112, 0.9955118894577026, 0.9916510581970215, 0.9814869165420532, 0.9959127306938171, 1.0000001192092896, 0.9935959577560425, 0.9951159358024597, 0.9938144683837891], [0.992451548576355, 0.9869074821472168, 0.9935855865478516, 0.9905792474746704, 0.9760159254074097, 0.9966124296188354, 0.9935959577560425, 0.9999999403953552, 0.9957939982414246, 0.9909040927886963], [0.996006429195404, 0.98932945728302, 0.9949277639389038, 0.992916464805603, 0.9824134111404419, 0.9971339106559753, 0.9951159358024597, 0.9957939982414246, 1.0, 0.9934176206588745], [0.9961337447166443, 0.9961605072021484, 0.9951856136322021, 0.9962038397789001, 0.9917736053466797, 0.9938042163848877, 0.9938144683837891, 0.9909040927886963, 0.9934176206588745, 1.0000001192092896]]}, {"round": 3, "client_ids": [0, 1, 2, 3, 4, 5, 6, 7, 8, 9], "matrix": [[1.0, 0.9936555624008179, 0.9916695356369019, 0.9923958778381348, 0.9942722320556641, 0.9951338768005371, 0.993946373462677, 0.9937479496002197, 0.9954066872596741, 0.9951941967010498], [0.9936555624008179, 1.0, 0.9963982105255127, 0.9931185245513916, 0.9938935041427612, 0.9967237710952759, 0.9957575798034668, 0.9953290820121765, 0.9951452612876892, 0.9956440925598145], [0.9916695356369019, 0.9963982105255127, 1.0, 0.994067907333374, 0.9942238926887512, 0.9954819679260254, 0.9963289499282837, 0.9949409365653992, 0.9942353963851929, 0.9936296939849854], [0.9923958778381348, 0.9931185245513916, 0.994067907333374, 0.9999998807907104, 0.992542028427124, 0.9923608899116516, 0.990718424320221, 0.9955840110778809, 0.9921759963035583, 0.9912765026092529], [0.9942722320556641, 0.9938935041427612, 0.9942238926887512, 0.992542028427124, 1.0, 0.9947096705436707, 0.993253767490387, 0.9932355880737305, 0.9918245077133179, 0.9947625398635864], [0.9951338768005371, 0.9967237710952759, 0.9954819679260254, 0.9923608899116516, 0.9947096705436707, 1.0, 0.9967159628868103, 0.9952207803726196, 0.9959638118743896, 0.9976054430007935], [0.993946373462677, 0.9957575798034668, 0.9963289499282837, 0.990718424320221, 0.993253767490387, 0.9967159628868103, 1.0, 0.9944555759429932, 0.9954778552055359, 0.9956139326095581], [0.9937479496002197, 0.9953290820121765, 0.9949409365653992, 0.9955840110778809, 0.9932355880737305, 0.9952207803726196, 0.9944555759429932, 1.0, 0.9957591891288757, 0.9927297830581665], [0.9954066872596741, 0.9951452612876892, 0.9942353963851929, 0.9921759963035583, 0.9918245077133179, 0.9959638118743896, 0.9954778552055359, 0.9957591891288757, 0.9999999403953552, 0.9945567846298218], [0.9951941967010498, 0.9956440925598145, 0.9936296939849854, 0.9912765026092529, 0.9947625398635864, 0.9976054430007935, 0.9956139326095581, 0.9927297830581665, 0.9945567846298218, 0.9999999403953552]]}, {"round": 4, "client_ids": [0, 1, 2, 3, 4, 5, 6, 7, 8, 9], "matrix": [[1.0000001192092896, 0.9933688640594482, 0.9925588965415955, 0.9888776540756226, 0.9881349802017212, 0.9904739856719971, 0.9878963828086853, 0.9892541170120239, 0.9931130409240723, 0.9934324622154236], [0.9933688640594482, 1.0, 0.9944931268692017, 0.9876472353935242, 0.9883216619491577, 0.9943939447402954, 0.9912264347076416, 0.991437554359436, 0.9934737682342529, 0.9938184022903442], [0.9925588965415955, 0.9944931268692017, 1.0, 0.9891344308853149, 0.990719199180603, 0.993681013584137, 0.993018388748169, 0.9914511442184448, 0.9931193590164185, 0.9915424585342407], [0.9888776540756226, 0.9876472353935242, 0.9891344308853149, 0.9999998807907104, 0.9856072664260864, 0.9831522703170776, 0.9879361987113953, 0.9937312006950378, 0.9863225221633911, 0.9826045632362366], [0.9881349802017212, 0.9883216619491577, 0.990719199180603, 0.9856072664260864, 0.9999999403953552, 0.9882475137710571, 0.9880564212799072, 0.9906800985336304, 0.9858236312866211, 0.9871620535850525], [0.9904739856719971, 0.9943939447402954, 0.993681013584137, 0.9831522703170776, 0.9882475137710571, 1.0, 0.9901013374328613, 0.9863020181655884, 0.9880189299583435, 0.9953088760375977], [0.9878963828086853, 0.9912264347076416, 0.993018388748169, 0.9879361987113953, 0.9880564212799072, 0.9901013374328613, 0.9999998211860657, 0.9909206628799438, 0.9915328025817871, 0.9885319471359253], [0.9892541170120239, 0.991437554359436, 0.9914511442184448, 0.9937312006950378, 0.9906800985336304, 0.9863020181655884, 0.9909206628799438, 0.9999998211860657, 0.9895757436752319, 0.9861551523208618], [0.9931130409240723, 0.9934737682342529, 0.9931193590164185, 0.9863225221633911, 0.9858236312866211, 0.9880189299583435, 0.9915328025817871, 0.9895757436752319, 1.0, 0.9871284365653992], [0.9934324622154236, 0.9938184022903442, 0.9915424585342407, 0.9826045632362366, 0.9871620535850525, 0.9953088760375977, 0.9885319471359253, 0.9861551523208618, 0.9871284365653992, 1.0000001192092896]]}, {"round": 5, "client_ids": [0, 1, 2, 3, 4, 5, 6, 7, 8, 9], "matrix": [[1.0000001192092896, 0.9896904230117798, 0.9828494787216187, 0.9826962947845459, 0.9764254093170166, 0.9811310768127441, 0.9832366108894348, 0.9810500144958496, 0.9813979864120483, 0.9876614212989807], [0.9896904230117798, 1.0000001192092896, 0.9928587079048157, 0.9797115325927734, 0.9771145582199097, 0.9885361194610596, 0.9867158532142639, 0.9811693429946899, 0.9786089658737183, 0.9900668263435364], [0.9828494787216187, 0.9928587079048157, 1.0, 0.9753206968307495, 0.9754974842071533, 0.9836106300354004, 0.9830650091171265, 0.9720656871795654, 0.9749888181686401, 0.9872258305549622], [0.9826962947845459, 0.9797115325927734, 0.9753206968307495, 0.9999998807907104, 0.9743103384971619, 0.9757033586502075, 0.9806296229362488, 0.9817507266998291, 0.9815551042556763, 0.9720826148986816], [0.9764254093170166, 0.9771145582199097, 0.9754974842071533, 0.9743103384971619, 1.0, 0.9644349813461304, 0.9725315570831299, 0.9811351299285889, 0.9748241901397705, 0.9739312529563904], [0.9811310768127441, 0.9885361194610596, 0.9836106300354004, 0.9757033586502075, 0.9644349813461304, 0.9999999403953552, 0.986005425453186, 0.9715145826339722, 0.9726160764694214, 0.983418881893158], [0.9832366108894348, 0.9867158532142639, 0.9830650091171265, 0.9806296229362488, 0.9725315570831299, 0.986005425453186, 1.0, 0.9823013544082642, 0.9818726778030396, 0.982332706451416], [0.9810500144958496, 0.9811693429946899, 0.9720656871795654, 0.9817507266998291, 0.9811351299285889, 0.9715145826339722, 0.9823013544082642, 0.9999997615814209, 0.9789953827857971, 0.9720527529716492], [0.9813979864120483, 0.9786089658737183, 0.9749888181686401, 0.9815551042556763, 0.9748241901397705, 0.9726160764694214, 0.9818726778030396, 0.9789953827857971, 0.9999998807907104, 0.9730508327484131], [0.9876614212989807, 0.9900668263435364, 0.9872258305549622, 0.9720826148986816, 0.9739312529563904, 0.983418881893158, 0.982332706451416, 0.9720527529716492, 0.9730508327484131, 1.0]]}, {"round": 6, "client_ids": [0, 1, 2, 3, 4, 5, 6, 7, 8, 9], "matrix": [[1.0, 0.9818745851516724, 0.975252628326416, 0.9768210649490356, 0.9736812114715576, 0.9684098958969116, 0.9751472473144531, 0.9721531867980957, 0.9641998410224915, 0.9753916263580322], [0.9818745851516724, 0.9999998211860657, 0.9805896282196045, 0.9646140933036804, 0.9713505506515503, 0.9694033861160278, 0.9794102907180786, 0.9623794555664062, 0.9624533653259277, 0.9824116230010986], [0.975252628326416, 0.9805896282196045, 1.0, 0.9607728123664856, 0.9603884816169739, 0.9682706594467163, 0.9801456928253174, 0.9624234437942505, 0.9634838104248047, 0.9763563871383667], [0.9768210649490356, 0.9646140933036804, 0.9607728123664856, 1.0, 0.9797843098640442, 0.9474165439605713, 0.9663678407669067, 0.9759256839752197, 0.9751554727554321, 0.9635056257247925], [0.9736812114715576, 0.9713505506515503, 0.9603884816169739, 0.9797843098640442, 1.0, 0.9322313666343689, 0.9606754183769226, 0.9703774452209473, 0.9800071716308594, 0.9640948176383972], [0.9684098958969116, 0.9694033861160278, 0.9682706594467163, 0.9474165439605713, 0.9322313666343689, 1.0000001192092896, 0.9751752614974976, 0.9446746706962585, 0.9396202564239502, 0.9696836471557617], [0.9751472473144531, 0.9794102907180786, 0.9801456928253174, 0.9663678407669067, 0.9606754183769226, 0.9751752614974976, 0.9999998807907104, 0.9707295894622803, 0.9676957130432129, 0.9803009033203125], [0.9721531867980957, 0.9623794555664062, 0.9624234437942505, 0.9759256839752197, 0.9703774452209473, 0.9446746706962585, 0.9707295894622803, 0.9999999403953552, 0.9698501825332642, 0.9581020474433899], [0.9641998410224915, 0.9624533653259277, 0.9634838104248047, 0.9751554727554321, 0.9800071716308594, 0.9396202564239502, 0.9676957130432129, 0.9698501825332642, 1.0, 0.9555100202560425], [0.9753916263580322, 0.9824116230010986, 0.9763563871383667, 0.9635056257247925, 0.9640948176383972, 0.9696836471557617, 0.9803009033203125, 0.9581020474433899, 0.9555100202560425, 1.0000001192092896]]}, {"round": 7, "client_ids": [0, 1, 2, 3, 4, 5, 6, 7, 8, 9], "matrix": [[0.9999999403953552, 0.974384069442749, 0.9595116376876831, 0.9786196947097778, 0.9704443216323853, 0.9541558027267456, 0.9625378847122192, 0.9638374447822571, 0.963021993637085, 0.9667969942092896], [0.974384069442749, 1.0000001192092896, 0.9732342958450317, 0.9685545563697815, 0.967420756816864, 0.965362548828125, 0.9763354063034058, 0.9643019437789917, 0.9673095941543579, 0.9752247333526611], [0.9595116376876831, 0.9732342958450317, 1.0, 0.9633059501647949, 0.9566214084625244, 0.955701470375061, 0.969382107257843, 0.9578685760498047, 0.9639520645141602, 0.9663147926330566], [0.9786196947097778, 0.9685545563697815, 0.9633059501647949, 0.9999999403953552, 0.9739415645599365, 0.9499146938323975, 0.9645227193832397, 0.9686190485954285, 0.9668847322463989, 0.9738142490386963], [0.9704443216323853, 0.967420756816864, 0.9566214084625244, 0.9739415645599365, 0.9999999403953552, 0.9235979318618774, 0.9610763788223267, 0.9645364880561829, 0.976024866104126, 0.9676163196563721], [0.9541558027267456, 0.965362548828125, 0.955701470375061, 0.9499146938323975, 0.9235979318618774, 1.0, 0.9542720317840576, 0.9449344873428345, 0.9445986747741699, 0.9649494886398315], [0.9625378847122192, 0.9763354063034058, 0.969382107257843, 0.9645227193832397, 0.9610763788223267, 0.9542720317840576, 0.9999998807907104, 0.9630382061004639, 0.9647875428199768, 0.9759775400161743], [0.9638374447822571, 0.9643019437789917, 0.9578685760498047, 0.9686190485954285, 0.9645364880561829, 0.9449344873428345, 0.9630382061004639, 1.0000001192092896, 0.9696768522262573, 0.9607668519020081], [0.963021993637085, 0.9673095941543579, 0.9639520645141602, 0.9668847322463989, 0.976024866104126, 0.9445986747741699, 0.9647875428199768, 0.9696768522262573, 0.9999998211860657, 0.9659306406974792], [0.9667969942092896, 0.9752247333526611, 0.9663147926330566, 0.9738142490386963, 0.9676163196563721, 0.9649494886398315, 0.9759775400161743, 0.9607668519020081, 0.9659306406974792, 1.0]]}, {"round": 8, "client_ids": [0, 1, 2, 3, 4, 5, 6, 7, 8, 9], "matrix": [[0.9999999403953552, 0.9684421420097351, 0.9533529281616211, 0.9787886142730713, 0.9738994836807251, 0.9516574740409851, 0.9553833603858948, 0.9638037085533142, 0.9721536636352539, 0.9637929201126099], [0.9684421420097351, 1.0, 0.9681350588798523, 0.966962993144989, 0.9770076274871826, 0.9754177331924438, 0.970782458782196, 0.9653210639953613, 0.9800118207931519, 0.9800306558609009], [0.9533529281616211, 0.9681350588798523, 1.000000238418579, 0.9558692574501038, 0.9616789817810059, 0.9625065326690674, 0.9635009765625, 0.9556859135627747, 0.9664056301116943, 0.9705725908279419], [0.9787886142730713, 0.966962993144989, 0.9558692574501038, 1.0, 0.9774882793426514, 0.9525655508041382, 0.9589396119117737, 0.9659868478775024, 0.9735705256462097, 0.9748729467391968], [0.9738994836807251, 0.9770076274871826, 0.9616789817810059, 0.9774882793426514, 1.0, 0.951585054397583, 0.9676780104637146, 0.9690399169921875, 0.9842146039009094, 0.9783574938774109], [0.9516574740409851, 0.9754177331924438, 0.9625065326690674, 0.9525655508041382, 0.951585054397583, 0.9999998807907104, 0.9680072069168091, 0.9518129229545593, 0.9670573472976685, 0.9730486869812012], [0.9553833603858948, 0.970782458782196, 0.9635009765625, 0.9589396119117737, 0.9676780104637146, 0.9680072069168091, 1.0000001192092896, 0.9619306325912476, 0.9770864248275757, 0.976202130317688], [0.9638037085533142, 0.9653210639953613, 0.9556859135627747, 0.9659868478775024, 0.9690399169921875, 0.9518129229545593, 0.9619306325912476, 1.0, 0.9698095917701721, 0.9605903625488281], [0.9721536636352539, 0.9800118207931519, 0.9664056301116943, 0.9735705256462097, 0.9842146039009094, 0.9670573472976685, 0.9770864248275757, 0.9698095917701721, 1.0000001192092896, 0.9763035178184509], [0.9637929201126099, 0.9800306558609009, 0.9705725908279419, 0.9748729467391968, 0.9783574938774109, 0.9730486869812012, 0.976202130317688, 0.9605903625488281, 0.9763035178184509, 1.0]]}, {"round": 9, "client_ids": [0, 1, 2, 3, 4, 5, 6, 7, 8, 9], "matrix": [[0.9999998807907104, 0.9736612439155579, 0.951863706111908, 0.9729602336883545, 0.9768611192703247, 0.9553782939910889, 0.9519881010055542, 0.9720767736434937, 0.9743539094924927, 0.9626783728599548], [0.9736612439155579, 1.0000001192092896, 0.9587022066116333, 0.9612674713134766, 0.979085385799408, 0.97348952293396, 0.9677948951721191, 0.9787147045135498, 0.9884170293807983, 0.9749139547348022], [0.951863706111908, 0.9587022066116333, 1.0, 0.950764536857605, 0.9623500108718872, 0.9639803767204285, 0.9655353426933289, 0.9613977670669556, 0.9628440141677856, 0.968103289604187], [0.9729602336883545, 0.9612674713134766, 0.950764536857605, 1.0000001192092896, 0.9669783115386963, 0.9509645700454712, 0.9527204632759094, 0.9711723327636719, 0.96800696849823, 0.9712648391723633], [0.9768611192703247, 0.979085385799408, 0.9623500108718872, 0.9669783115386963, 1.0, 0.9562731385231018, 0.9657388925552368, 0.9752898216247559, 0.983372151851654, 0.9734923839569092], [0.9553782939910889, 0.97348952293396, 0.9639803767204285, 0.9509645700454712, 0.9562731385231018, 1.0, 0.9746530652046204, 0.9730287194252014, 0.9781627655029297, 0.9754893183708191], [0.9519881010055542, 0.9677948951721191, 0.9655353426933289, 0.9527204632759094, 0.9657388925552368, 0.9746530652046204, 1.0000001192092896, 0.9713868498802185, 0.9728080034255981, 0.974848747253418], [0.9720767736434937, 0.9787147045135498, 0.9613977670669556, 0.9711723327636719, 0.9752898216247559, 0.9730287194252014, 0.9713868498802185, 1.0, 0.9802552461624146, 0.9732556939125061], [0.9743539094924927, 0.9884170293807983, 0.9628440141677856, 0.96800696849823, 0.983372151851654, 0.9781627655029297, 0.9728080034255981, 0.9802552461624146, 0.9999999403953552, 0.9770799875259399], [0.9626783728599548, 0.9749139547348022, 0.968103289604187, 0.9712648391723633, 0.9734923839569092, 0.9754893183708191, 0.974848747253418, 0.9732556939125061, 0.9770799875259399, 0.9999998807907104]]}, {"round": 10, "client_ids": [0, 1, 2, 3, 4, 5, 6, 7, 8, 9], "matrix": [[1.0, 0.968891978263855, 0.9478518962860107, 0.975290060043335, 0.9794074296951294, 0.9607393741607666, 0.9514049291610718, 0.975203275680542, 0.9735400676727295, 0.970333456993103], [0.968891978263855, 1.0, 0.9626172780990601, 0.960729718208313, 0.98105788230896, 0.9812161922454834, 0.9671591520309448, 0.9839990139007568, 0.9890390634536743, 0.9835255146026611], [0.9478518962860107, 0.9626172780990601, 0.9999997615814209, 0.9457772374153137, 0.9640177488327026, 0.9652091860771179, 0.9660922884941101, 0.9575320482254028, 0.9618005752563477, 0.9740991592407227], [0.975290060043335, 0.960729718208313, 0.9457772374153137, 1.0, 0.9682778716087341, 0.9640896320343018, 0.9538718461990356, 0.9729677438735962, 0.9727374315261841, 0.9701343178749084], [0.9794074296951294, 0.98105788230896, 0.9640177488327026, 0.9682778716087341, 1.0, 0.9716517329216003, 0.9652068018913269, 0.983781099319458, 0.9822810888290405, 0.9814222455024719], [0.9607393741607666, 0.9812161922454834, 0.9652091860771179, 0.9640896320343018, 0.9716517329216003, 0.9999999403953552, 0.9768617153167725, 0.9813485145568848, 0.9869420528411865, 0.982308030128479], [0.9514049291610718, 0.9671591520309448, 0.9660922884941101, 0.9538718461990356, 0.9652068018913269, 0.9768617153167725, 1.0000001192092896, 0.9739519357681274, 0.978251576423645, 0.9789854288101196], [0.975203275680542, 0.9839990139007568, 0.9575320482254028, 0.9729677438735962, 0.983781099319458, 0.9813485145568848, 0.9739519357681274, 1.0000001192092896, 0.985105037689209, 0.9805431365966797], [0.9735400676727295, 0.9890390634536743, 0.9618005752563477, 0.9727374315261841, 0.9822810888290405, 0.9869420528411865, 0.978251576423645, 0.985105037689209, 1.0000001192092896, 0.9829215407371521], [0.970333456993103, 0.9835255146026611, 0.9740991592407227, 0.9701343178749084, 0.9814222455024719, 0.982308030128479, 0.9789854288101196, 0.9805431365966797, 0.9829215407371521, 1.0]]}, {"round": 11, "client_ids": [0, 1, 2, 3, 4, 5, 6, 7, 8, 9], "matrix": [[1.0, 0.9665509462356567, 0.9588295221328735, 0.9825999140739441, 0.9783719778060913, 0.9696429967880249, 0.9540120363235474, 0.9698200225830078, 0.9662675857543945, 0.9688713550567627], [0.9665509462356567, 1.0, 0.9565897583961487, 0.9690316915512085, 0.982424259185791, 0.9831820726394653, 0.9728230237960815, 0.9850646257400513, 0.9857155084609985, 0.9820571541786194], [0.9588295221328735, 0.9565897583961487, 1.0, 0.9539763927459717, 0.9691475629806519, 0.9698012471199036, 0.9673799276351929, 0.9609633684158325, 0.965427577495575, 0.9731903076171875], [0.9825999140739441, 0.9690316915512085, 0.9539763927459717, 1.0000001192092896, 0.969812273979187, 0.9759835004806519, 0.9649883508682251, 0.9755569696426392, 0.9703399538993835, 0.9731094837188721], [0.9783719778060913, 0.982424259185791, 0.9691475629806519, 0.969812273979187, 0.9999998807907104, 0.98033207654953, 0.9739958643913269, 0.9821659326553345, 0.9832745790481567, 0.9823151230812073], [0.9696429967880249, 0.9831820726394653, 0.9698012471199036, 0.9759835004806519, 0.98033207654953, 1.0, 0.9793305993080139, 0.9860433340072632, 0.9858831763267517, 0.9850367307662964], [0.9540120363235474, 0.9728230237960815, 0.9673799276351929, 0.9649883508682251, 0.9739958643913269, 0.9793305993080139, 0.9999998807907104, 0.977854311466217, 0.9816963076591492, 0.9813650250434875], [0.9698200225830078, 0.9850646257400513, 0.9609633684158325, 0.9755569696426392, 0.9821659326553345, 0.9860433340072632, 0.977854311466217, 1.0, 0.9818645715713501, 0.9811102747917175], [0.9662675857543945, 0.9857155084609985, 0.965427577495575, 0.9703399538993835, 0.9832745790481567, 0.9858831763267517, 0.9816963076591492, 0.9818645715713501, 1.0, 0.9817382097244263], [0.9688713550567627, 0.9820571541786194, 0.9731903076171875, 0.9731094837188721, 0.9823151230812073, 0.9850367307662964, 0.9813650250434875, 0.9811102747917175, 0.9817382097244263, 0.9999998807907104]]}, {"round": 12, "client_ids": [0, 1, 2, 3, 4, 5, 6, 7, 8, 9], "matrix": [[1.0, 0.96840500831604, 0.9632724523544312, 0.9808071851730347, 0.9772619009017944, 0.9741553664207458, 0.965388298034668, 0.9765597581863403, 0.9669975638389587, 0.9736113548278809], [0.96840500831604, 0.9999998807907104, 0.9594953060150146, 0.964677631855011, 0.9841694831848145, 0.9833756685256958, 0.9768344163894653, 0.9854599237442017, 0.9828342795372009, 0.9836671352386475], [0.9632724523544312, 0.9594953060150146, 1.0, 0.9594196081161499, 0.9764418005943298, 0.9697911739349365, 0.9677586555480957, 0.9647866487503052, 0.9663617014884949, 0.9700486660003662], [0.9808071851730347, 0.964677631855011, 0.9594196081161499, 0.9999998807907104, 0.9724764227867126, 0.9771350622177124, 0.9668631553649902, 0.9790400266647339, 0.9666318893432617, 0.9740428924560547], [0.9772619009017944, 0.9841694831848145, 0.9764418005943298, 0.9724764227867126, 0.9999998807907104, 0.9840314388275146, 0.9804700613021851, 0.9844486713409424, 0.9892110824584961, 0.9833118915557861], [0.9741553664207458, 0.9833756685256958, 0.9697911739349365, 0.9771350622177124, 0.9840314388275146, 0.9999998807907104, 0.978252649307251, 0.9901955723762512, 0.9825472235679626, 0.9850602149963379], [0.965388298034668, 0.9768344163894653, 0.9677586555480957, 0.9668631553649902, 0.9804700613021851, 0.978252649307251, 0.9999999403953552, 0.982056736946106, 0.9849061965942383, 0.9832711219787598], [0.9765597581863403, 0.9854599237442017, 0.9647866487503052, 0.9790400266647339, 0.9844486713409424, 0.9901955723762512, 0.982056736946106, 0.9999999403953552, 0.9808653593063354, 0.9838225841522217], [0.9669975638389587, 0.9828342795372009, 0.9663617014884949, 0.9666318893432617, 0.9892110824584961, 0.9825472235679626, 0.9849061965942383, 0.9808653593063354, 1.0000001192092896, 0.9836393594741821], [0.9736113548278809, 0.9836671352386475, 0.9700486660003662, 0.9740428924560547, 0.9833118915557861, 0.9850602149963379, 0.9832711219787598, 0.9838225841522217, 0.9836393594741821, 1.0]]}, {"round": 13, "client_ids": [0, 1, 2, 3, 4, 5, 6, 7, 8, 9], "matrix": [[1.0000001192092896, 0.9735866189002991, 0.9770451188087463, 0.9837198257446289, 0.9783895015716553, 0.9740185737609863, 0.9647438526153564, 0.9765844345092773, 0.9700109958648682, 0.9727612137794495], [0.9735866189002991, 1.000000238418579, 0.976097583770752, 0.9673733115196228, 0.9890280961990356, 0.9813657999038696, 0.9800087213516235, 0.9848138689994812, 0.9857091307640076, 0.9837702512741089], [0.9770451188087463, 0.976097583770752, 1.0, 0.9695149660110474, 0.9843342304229736, 0.9770442843437195, 0.9771509170532227, 0.9770028591156006, 0.9807196855545044, 0.97663414478302], [0.9837198257446289, 0.9673733115196228, 0.9695149660110474, 1.0, 0.9727284908294678, 0.9767011404037476, 0.9682565927505493, 0.9794833660125732, 0.9673151969909668, 0.9724410772323608], [0.9783895015716553, 0.9890280961990356, 0.9843342304229736, 0.9727284908294678, 1.0, 0.9810416102409363, 0.9830628037452698, 0.9860163331031799, 0.9892034530639648, 0.9842137098312378], [0.9740185737609863, 0.9813657999038696, 0.9770442843437195, 0.9767011404037476, 0.9810416102409363, 1.0, 0.9785974621772766, 0.9893466830253601, 0.9813365936279297, 0.9826496839523315], [0.9647438526153564, 0.9800087213516235, 0.9771509170532227, 0.9682565927505493, 0.9830628037452698, 0.9785974621772766, 1.0, 0.9829213619232178, 0.9848527908325195, 0.9797382950782776], [0.9765844345092773, 0.9848138689994812, 0.9770028591156006, 0.9794833660125732, 0.9860163331031799, 0.9893466830253601, 0.9829213619232178, 1.0, 0.9823688268661499, 0.9844871163368225], [0.9700109958648682, 0.9857091307640076, 0.9807196855545044, 0.9673151969909668, 0.9892034530639648, 0.9813365936279297, 0.9848527908325195, 0.9823688268661499, 1.0000001192092896, 0.9803467392921448], [0.9727612137794495, 0.9837702512741089, 0.97663414478302, 0.9724410772323608, 0.9842137098312378, 0.9826496839523315, 0.9797382950782776, 0.9844871163368225, 0.9803467392921448, 1.0000001192092896]]}, {"round": 14, "client_ids": [0, 1, 2, 3, 4, 5, 6, 7, 8, 9], "matrix": [[1.000000238418579, 0.9795761704444885, 0.9782735705375671, 0.9832122325897217, 0.9790925979614258, 0.9711023569107056, 0.967690110206604, 0.9756723642349243, 0.9702837467193604, 0.9808491468429565], [0.9795761704444885, 0.9999999403953552, 0.9821187853813171, 0.9761567115783691, 0.991112232208252, 0.9831228256225586, 0.9827957153320312, 0.9863737225532532, 0.9873178005218506, 0.9890890121459961], [0.9782735705375671, 0.9821187853813171, 1.0, 0.9793226718902588, 0.9864603877067566, 0.9770756363868713, 0.983643651008606, 0.9805854558944702, 0.9816574454307556, 0.9838346242904663], [0.9832122325897217, 0.9761567115783691, 0.9793226718902588, 1.0, 0.9763952493667603, 0.9826359748840332, 0.9740957021713257, 0.9830737113952637, 0.9704021215438843, 0.9783526659011841], [0.9790925979614258, 0.991112232208252, 0.9864603877067566, 0.9763952493667603, 0.9999998807907104, 0.9813051223754883, 0.9864833950996399, 0.9856095314025879, 0.9894832372665405, 0.9854557514190674], [0.9711023569107056, 0.9831228256225586, 0.9770756363868713, 0.9826359748840332, 0.9813051223754883, 0.9999998807907104, 0.9790014624595642, 0.9899972677230835, 0.9785728454589844, 0.982736349105835], [0.967690110206604, 0.9827957153320312, 0.983643651008606, 0.9740957021713257, 0.9864833950996399, 0.9790014624595642, 1.0000001192092896, 0.9856420755386353, 0.9874230623245239, 0.9853596091270447], [0.9756723642349243, 0.9863737225532532, 0.9805854558944702, 0.9830737113952637, 0.9856095314025879, 0.9899972677230835, 0.9856420755386353, 0.9999999403953552, 0.9809728264808655, 0.9879108667373657], [0.9702837467193604, 0.9873178005218506, 0.9816574454307556, 0.9704021215438843, 0.9894832372665405, 0.9785728454589844, 0.9874230623245239, 0.9809728264808655, 1.0000001192092896, 0.9801316261291504], [0.9808491468429565, 0.9890890121459961, 0.9838346242904663, 0.9783526659011841, 0.9854557514190674, 0.982736349105835, 0.9853596091270447, 0.9879108667373657, 0.9801316261291504, 1.0]]}, {"round": 15, "client_ids": [0, 1, 2, 3, 4, 5, 6, 7, 8, 9], "matrix": [[1.0, 0.9804319739341736, 0.9798905849456787, 0.984927773475647, 0.9837691783905029, 0.9772388935089111, 0.9716130495071411, 0.9790818691253662, 0.9730095267295837, 0.9818809032440186], [0.9804319739341736, 1.0, 0.9811687469482422, 0.9743244647979736, 0.9882670640945435, 0.9794567823410034, 0.9776137471199036, 0.9850184917449951, 0.980881929397583, 0.9859825968742371], [0.9798905849456787, 0.9811687469482422, 1.0, 0.9792048931121826, 0.9890192747116089, 0.9822047352790833, 0.9858357906341553, 0.9823024272918701, 0.9879213571548462, 0.9830468893051147], [0.984927773475647, 0.9743244647979736, 0.9792048931121826, 1.0, 0.9837026596069336, 0.9865618944168091, 0.9779444932937622, 0.9836472868919373, 0.9739156365394592, 0.9811111688613892], [0.9837691783905029, 0.9882670640945435, 0.9890192747116089, 0.9837026596069336, 1.0, 0.9852575063705444, 0.9865694046020508, 0.9892910718917847, 0.9877587556838989, 0.9856921434402466], [0.9772388935089111, 0.9794567823410034, 0.9822047352790833, 0.9865618944168091, 0.9852575063705444, 1.0000001192092896, 0.9814822673797607, 0.9903254508972168, 0.979009747505188, 0.9881210327148438], [0.9716130495071411, 0.9776137471199036, 0.9858357906341553, 0.9779444932937622, 0.9865694046020508, 0.9814822673797607, 1.0, 0.9843306541442871, 0.9876861572265625, 0.9860193729400635], [0.9790818691253662, 0.9850184917449951, 0.9823024272918701, 0.9836472868919373, 0.9892910718917847, 0.9903254508972168, 0.9843306541442871, 1.000000238418579, 0.9811235666275024, 0.9896179437637329], [0.9730095267295837, 0.980881929397583, 0.9879213571548462, 0.9739156365394592, 0.9877587556838989, 0.979009747505188, 0.9876861572265625, 0.9811235666275024, 0.9999998807907104, 0.9802628755569458], [0.9818809032440186, 0.9859825968742371, 0.9830468893051147, 0.9811111688613892, 0.9856921434402466, 0.9881210327148438, 0.9860193729400635, 0.9896179437637329, 0.9802628755569458, 0.9999999403953552]]}, {"round": 16, "client_ids": [0, 1, 2, 3, 4, 5, 6, 7, 8, 9], "matrix": [[1.0, 0.9820120334625244, 0.9796697497367859, 0.9835953712463379, 0.9857274293899536, 0.9810067415237427, 0.9720289707183838, 0.9798409938812256, 0.9733057022094727, 0.9801568984985352], [0.9820120334625244, 0.9999999403953552, 0.9815653562545776, 0.9771430492401123, 0.9888837933540344, 0.984134316444397, 0.9791929721832275, 0.987705647945404, 0.9811111688613892, 0.9886665344238281], [0.9796697497367859, 0.9815653562545776, 0.9999998807907104, 0.9756870269775391, 0.9888664484024048, 0.9856710433959961, 0.9857045412063599, 0.9825744032859802, 0.9870775938034058, 0.9829174280166626], [0.9835953712463379, 0.9771430492401123, 0.9756870269775391, 1.0, 0.9857281446456909, 0.985901415348053, 0.9777630567550659, 0.9874017238616943, 0.9756787419319153, 0.9797191619873047], [0.9857274293899536, 0.9888837933540344, 0.9888664484024048, 0.9857281446456909, 0.9999998807907104, 0.9905408024787903, 0.9884122610092163, 0.9903686046600342, 0.9910762310028076, 0.9874348044395447], [0.9810067415237427, 0.984134316444397, 0.9856710433959961, 0.985901415348053, 0.9905408024787903, 1.0000001192092896, 0.9838495850563049, 0.9924238920211792, 0.9814212918281555, 0.9892005920410156], [0.9720289707183838, 0.9791929721832275, 0.9857045412063599, 0.9777630567550659, 0.9884122610092163, 0.9838495850563049, 1.0, 0.9854221343994141, 0.9872307777404785, 0.9873487949371338], [0.9798409938812256, 0.987705647945404, 0.9825744032859802, 0.9874017238616943, 0.9903686046600342, 0.9924238920211792, 0.9854221343994141, 1.0, 0.9826968908309937, 0.9908562898635864], [0.9733057022094727, 0.9811111688613892, 0.9870775938034058, 0.9756787419319153, 0.9910762310028076, 0.9814212918281555, 0.9872307777404785, 0.9826968908309937, 1.0000001192092896, 0.9774458408355713], [0.9801568984985352, 0.9886665344238281, 0.9829174280166626, 0.9797191619873047, 0.9874348044395447, 0.9892005920410156, 0.9873487949371338, 0.9908562898635864, 0.9774458408355713, 0.9999999403953552]]}, {"round": 17, "client_ids": [0, 1, 2, 3, 4, 5, 6, 7, 8, 9], "matrix": [[1.0000001192092896, 0.9829575419425964, 0.983260989189148, 0.9817409515380859, 0.9874454736709595, 0.9858281016349792, 0.9741244316101074, 0.9814120531082153, 0.9789921641349792, 0.9794189929962158], [0.9829575419425964, 1.0, 0.9831479787826538, 0.9790595173835754, 0.9887849688529968, 0.9842956066131592, 0.9798765778541565, 0.9859286546707153, 0.9810875654220581, 0.9858496189117432], [0.983260989189148, 0.9831479787826538, 1.0000001192092896, 0.9825059771537781, 0.9911689162254333, 0.9911485910415649, 0.9893195629119873, 0.9871150255203247, 0.9879445433616638, 0.9844444990158081], [0.9817409515380859, 0.9790595173835754, 0.9825059771537781, 1.0, 0.9856876134872437, 0.9892686605453491, 0.9780457019805908, 0.9898437261581421, 0.9768382906913757, 0.9835625290870667], [0.9874454736709595, 0.9887849688529968, 0.9911689162254333, 0.9856876134872437, 0.9999999403953552, 0.9919084310531616, 0.9851410984992981, 0.9908342361450195, 0.9909632205963135, 0.9862954020500183], [0.9858281016349792, 0.9842956066131592, 0.9911485910415649, 0.9892686605453491, 0.9919084310531616, 1.0000001192092896, 0.9826337099075317, 0.9920817613601685, 0.9844732880592346, 0.986383318901062], [0.9741244316101074, 0.9798765778541565, 0.9893195629119873, 0.9780457019805908, 0.9851410984992981, 0.9826337099075317, 1.0, 0.9840127229690552, 0.9851011633872986, 0.9861469268798828], [0.9814120531082153, 0.9859286546707153, 0.9871150255203247, 0.9898437261581421, 0.9908342361450195, 0.9920817613601685, 0.9840127229690552, 1.0, 0.9843919277191162, 0.989874541759491], [0.9789921641349792, 0.9810875654220581, 0.9879445433616638, 0.9768382906913757, 0.9909632205963135, 0.9844732880592346, 0.9851011633872986, 0.9843919277191162, 0.9999998211860657, 0.9797363877296448], [0.9794189929962158, 0.9858496189117432, 0.9844444990158081, 0.9835625290870667, 0.9862954020500183, 0.986383318901062, 0.9861469268798828, 0.989874541759491, 0.9797363877296448, 0.9999998211860657]]}, {"round": 18, "client_ids": [0, 1, 2, 3, 4, 5, 6, 7, 8, 9], "matrix": [[1.0, 0.9815651178359985, 0.9841976761817932, 0.9822118282318115, 0.9877328276634216, 0.9817661046981812, 0.9791281223297119, 0.9841609597206116, 0.9829280972480774, 0.9788488745689392], [0.9815651178359985, 0.9999998807907104, 0.9874387383460999, 0.9778850674629211, 0.9901415109634399, 0.9850465059280396, 0.9818365573883057, 0.9853436350822449, 0.9824966788291931, 0.9873631000518799], [0.9841976761817932, 0.9874387383460999, 1.0000001192092896, 0.9818762540817261, 0.9933255910873413, 0.9917051792144775, 0.992560863494873, 0.9888386726379395, 0.9897766709327698, 0.9872428774833679], [0.9822118282318115, 0.9778850674629211, 0.9818762540817261, 1.0, 0.9848783612251282, 0.9856866598129272, 0.9786341190338135, 0.9875801205635071, 0.9792534112930298, 0.981134295463562], [0.9877328276634216, 0.9901415109634399, 0.9933255910873413, 0.9848783612251282, 1.0, 0.9921194911003113, 0.9900846481323242, 0.9901851415634155, 0.9893798828125, 0.9870156049728394], [0.9817661046981812, 0.9850465059280396, 0.9917051792144775, 0.9856866598129272, 0.9921194911003113, 1.0000001192092896, 0.9832173585891724, 0.9921501874923706, 0.9858653545379639, 0.9838768243789673], [0.9791281223297119, 0.9818365573883057, 0.992560863494873, 0.9786341190338135, 0.9900846481323242, 0.9832173585891724, 0.9999998211860657, 0.984472393989563, 0.9876450300216675, 0.986320436000824], [0.9841609597206116, 0.9853436350822449, 0.9888386726379395, 0.9875801205635071, 0.9901851415634155, 0.9921501874923706, 0.984472393989563, 1.0, 0.9891588091850281, 0.9884878396987915], [0.9829280972480774, 0.9824966788291931, 0.9897766709327698, 0.9792534112930298, 0.9893798828125, 0.9858653545379639, 0.9876450300216675, 0.9891588091850281, 1.0, 0.9842085242271423], [0.9788488745689392, 0.9873631000518799, 0.9872428774833679, 0.981134295463562, 0.9870156049728394, 0.9838768243789673, 0.986320436000824, 0.9884878396987915, 0.9842085242271423, 0.9999999403953552]]}, {"round": 19, "client_ids": [0, 1, 2, 3, 4, 5, 6, 7, 8, 9], "matrix": [[1.0, 0.9845467805862427, 0.9813017845153809, 0.982092022895813, 0.9861901998519897, 0.9816296100616455, 0.9828215837478638, 0.979987382888794, 0.9827360510826111, 0.9801737070083618], [0.9845467805862427, 0.9999998807907104, 0.9866911172866821, 0.9836345911026001, 0.9915636777877808, 0.9866284728050232, 0.9891979098320007, 0.984289288520813, 0.9853135347366333, 0.9874823093414307], [0.9813017845153809, 0.9866911172866821, 1.0, 0.9833846688270569, 0.991641640663147, 0.9925399422645569, 0.9923431873321533, 0.9911926984786987, 0.9877065420150757, 0.9889537692070007], [0.982092022895813, 0.9836345911026001, 0.9833846688270569, 1.0, 0.9874753355979919, 0.9856911897659302, 0.9851440191268921, 0.9881150722503662, 0.9769101738929749, 0.984670877456665], [0.9861901998519897, 0.9915636777877808, 0.991641640663147, 0.9874753355979919, 1.0, 0.9933472871780396, 0.9924620389938354, 0.9904392957687378, 0.985636293888092, 0.9898502826690674], [0.9816296100616455, 0.9866284728050232, 0.9925399422645569, 0.9856911897659302, 0.9933472871780396, 1.0, 0.9887714385986328, 0.9920786619186401, 0.9854039549827576, 0.9880719780921936], [0.9828215837478638, 0.9891979098320007, 0.9923431873321533, 0.9851440191268921, 0.9924620389938354, 0.9887714385986328, 1.0, 0.988223671913147, 0.987956166267395, 0.9889205694198608], [0.979987382888794, 0.984289288520813, 0.9911926984786987, 0.9881150722503662, 0.9904392957687378, 0.9920786619186401, 0.988223671913147, 0.9999998807907104, 0.9866701364517212, 0.9906914234161377], [0.9827360510826111, 0.9853135347366333, 0.9877065420150757, 0.9769101738929749, 0.985636293888092, 0.9854039549827576, 0.987956166267395, 0.9866701364517212, 1.0, 0.982845664024353], [0.9801737070083618, 0.9874823093414307, 0.9889537692070007, 0.984670877456665, 0.9898502826690674, 0.9880719780921936, 0.9889205694198608, 0.9906914234161377, 0.982845664024353, 1.0]]}, {"round": 20, "client_ids": [0, 1, 2, 3, 4, 5, 6, 7, 8, 9], "matrix": [[1.0, 0.987047016620636, 0.9854613542556763, 0.9849079847335815, 0.9887139797210693, 0.9850797057151794, 0.9860213398933411, 0.9853148460388184, 0.9870724678039551, 0.9834635257720947], [0.987047016620636, 0.9999999403953552, 0.9836709499359131, 0.989511251449585, 0.9915095567703247, 0.9854772686958313, 0.9882100820541382, 0.9896202087402344, 0.9834251403808594, 0.9873505234718323], [0.9854613542556763, 0.9836709499359131, 1.0000001192092896, 0.982193112373352, 0.9910874366760254, 0.9926611185073853, 0.9917824268341064, 0.9922374486923218, 0.9882906675338745, 0.9884503483772278], [0.9849079847335815, 0.989511251449585, 0.982193112373352, 1.0, 0.989112913608551, 0.9854345917701721, 0.9848989248275757, 0.9922105669975281, 0.9815099239349365, 0.9875866174697876], [0.9887139797210693, 0.9915095567703247, 0.9910874366760254, 0.989112913608551, 1.0, 0.9930129051208496, 0.9926921725273132, 0.9925923347473145, 0.9873382449150085, 0.9911701083183289], [0.9850797057151794, 0.9854772686958313, 0.9926611185073853, 0.9854345917701721, 0.9930129051208496, 1.0000001192092896, 0.9885029792785645, 0.9931493997573853, 0.9883086681365967, 0.9882079362869263], [0.9860213398933411, 0.9882100820541382, 0.9917824268341064, 0.9848989248275757, 0.9926921725273132, 0.9885029792785645, 1.0000001192092896, 0.9887958765029907, 0.9892541766166687, 0.9881196618080139], [0.9853148460388184, 0.9896202087402344, 0.9922374486923218, 0.9922105669975281, 0.9925923347473145, 0.9931493997573853, 0.9887958765029907, 0.9999999403953552, 0.9876232147216797, 0.9923177361488342], [0.9870724678039551, 0.9834251403808594, 0.9882906675338745, 0.98150992